LABEL,ID,TRACK_ID,QUALITY,POSITION_X,POSITION_Y,POSITION_Z,POSITION_T,FRAME,RADIUS,VISIBILITY,MANUAL_SPOT_COLOR,MEAN_INTENSITY_CH1,MEDIAN_INTENSITY_CH1,MIN_INTENSITY_CH1,MAX_INTENSITY_CH1,TOTAL_INTENSITY_CH1,STD_INTENSITY_CH1,CONTRAST_CH1,SNR_CH1,ELLIPSE_X0,ELLIPSE_Y0,ELLIPSE_MAJOR,ELLIPSE_MINOR,ELLIPSE_THETA,ELLIPSE_ASPECTRATIO,AREA,PERIMETER,CIRCULARITY,SOLIDITY,SHAPE_INDEX
Label,Spot ID,Track ID,Quality,X,Y,Z,T,Frame,Radius,Visibility,Manual spot color,Mean intensity ch1,Median intensity ch1,Min intensity ch1,Max intensity ch1,Sum intensity ch1,Std intensity ch1,Contrast ch1,Signal/Noise ratio ch1,Ellipse center x0,Ellipse center y0,Ellipse long axis,Ellipse short axis,Ellipse angle,Ellipse aspect ratio,Area,Perimeter,Circularity,Solidity,Shape index
Label,Spot ID,Track ID,Quality,X,Y,Z,T,Frame,R,Visibility,Spot color,Mean ch1,Median ch1,Min ch1,Max ch1,Sum ch1,Std ch1,Ctrst ch1,SNR ch1,El. x0,El. y0,El. long axis,El. sh. axis,El. angle,El. a.r.,Area,Perim.,Circ.,Solidity,Shape index
,,,(quality),(pixel),(pixel),(pixel),(frame),,(pixel),,,(counts),(counts),(counts),(counts),(counts),(counts),,,(pixel),(pixel),(pixel),(pixel),(radians),,(pixel^2),(pixel),,,
ID2033,2033,0,661.0,523.5038022813688,903.4462610899873,0.0,0.0,0,14.466815481156948,1,,2118.7006079027356,2079.0,916.0,3977.0,1394105.0,588.2207027633823,0.8404041841729772,3.289533209686784,-0.07348570967509065,-0.04941699145796721,16.401419917847193,13.014925370437105,1.2021138746484634,1.2602008425728186,657.4999999999999,97.76739096017612,0.8644055961581266,0.9704797047970478,3.8128186304869636
ID2027,2027,0,672.0,523.3278525161933,904.3938714499253,0.0,1.0,1,14.592782937361743,1,,2193.8567164179103,2151.0,823.0,4095.0,1469884.0,632.4274257149015,0.848720764705873,3.185085308086155,-0.10359685176828547,-0.10806817083462802,16.634180035743583,13.036789141555449,1.2561595012090867,1.2759414803083116,669.0000000000002,97.90780519553732,0.8770035506110482,0.9625899280575543,3.785334440761012
ID2036,2036,0,665.0,524.0228758169935,904.572146807441,0.0,2.0,2,14.527197064122632,1,,2165.498502994012,2124.0,755.0,4095.0,1446553.0,661.6422834448639,0.8460251818136088,2.999924332961255,-0.06180623543013649,-0.11020778329423084,16.71659938334262,12.855238371078551,1.0767272349030363,1.3003725719276646,663.0,97.81103711737624,0.8708586394767921,0.9685902118334551,3.798665912911223
ID2045,2045,0,645.0,526.043439030678,906.0308069089971,0.0,3.0,3,14.345289868727669,1,,2194.2151702786377,2129.0,1002.0,4095.0,1417463.0,696.7955391629692,0.8388885324273075,2.8731129555542085,6.97129376448513E-5,-0.02411880544637453,16.214351315525178,12.719360554230848,0.8644711376515752,1.2747772379274043,646.5,98.52750592402586,0.8368804341879768,0.9528371407516579,3.8750135440940756
ID2015,2015,0,674.0,523.0846953937593,906.7684497275878,0.0,4.0,4,14.63634358033765,1,,2198.4103703703704,2162.0,887.0,4095.0,1483927.0,710.0641415080057,0.8504616412618218,2.845875008413173,-0.08026976539393982,0.07040918712475708,16.5542149386261,13.226090905171882,1.032435157245854,1.2516332344391192,673.0000000000001,99.45073819611514,0.8550842477634687,0.9586894586894589,3.8335442358540712
ID2040,2040,0,668.0,523.3865826538176,906.5780825302693,0.0,5.0,5,14.652645434561187,1,,2173.3510324483777,2135.0,874.0,4095.0,1473532.0,697.0570192714682,0.8498357269105491,2.8647939472813038,-0.08065367582949404,-0.11863594425623745,16.718991940712552,13.120430615646951,1.061220342839834,1.2742715868467067,674.5,98.73621645910967,0.8694384763990758,0.9649499284692418,3.801767066153981
ID2068,2068,0,669.0,522.2208083832336,906.569111776447,0.0,6.0,6,14.581872443920643,1,,2165.6601796407185,2096.0,932.0,4095.0,1446661.0,668.1460844726022,0.8461217759782637,2.971128302572842,-0.11243630279479629,-0.24491356514471643,16.86258933577699,13.035509390740124,1.1460750875735288,1.29358882958233,668.0,98.52561819366936,0.8647448604405147,0.9618430525557955,3.8120706179024695
ID2024,2024,0,680.0,523.8937393005624,905.6142088530204,0.0,7.0,7,14.728482183655359,1,,2225.165932452276,2171.0,860.0,4095.0,1515338.0,692.0627758095538,0.8552186881065259,2.9643465885625906,-0.07282350364112364,-0.07487069261280516,16.73564104234638,13.247550398088974,1.0871320146709287,1.263300801992841,681.5,98.74749933993728,0.8782608247619959,0.9714896650035638,3.782624022915761
ID2023,2023,0,683.0,522.328947368421,905.2836257309941,0.0,8.0,8,14.755472278097805,1,,2240.688140556369,2187.0,912.0,4095.0,1530390.0,686.5881888129925,0.8560723986444321,3.0104447801443635,-0.10683118513461409,-0.2687894779768429,17.120212280225612,13.115237649170432,1.1276417327259494,1.3053680564689198,684.0,98.79965566108997,0.8805521945628646,0.9750534568781183,3.7776992516079595
ID2014,2014,0,658.0,523.8381204333585,905.7486772486773,0.0,9.0,9,14.51075427779609,1,,2126.333836858006,2040.0,758.0,4095.0,1407633.0,659.2650302144218,0.843329737570663,2.951180627905323,-0.013166010840684809,-0.0016501457934948412,16.257045001136095,13.022671226006203,1.1266329131298654,1.2483648491924504,661.5,101.17505607906443,0.8120687624748827,0.9628820960698689,3.9337660649393835
ID2022,2022,0,677.0,522.7306359811928,904.9419698094531,0.0,10.0,10,14.641779548428637,1,,2191.190193164933,2117.0,961.0,4095.0,1474671.0,661.9927636537075,0.8503985839765194,3.0423842912393324,-0.10827862292651687,-0.11997229873615627,16.718604473050114,13.125779782585624,1.1746255854397263,1.2737227616168907,673.5000000000002,98.07605254280948,0.8798760749954652,0.9704610951008649,3.7791504138630447
ID2026,2026,0,669.0,521.2596321153368,904.0485955754413,0.0,11.0,11,14.609133399563154,1,,2190.241430700447,2138.0,943.0,4095.0,1469652.0,664.5202296800826,0.8482678011286573,3.0253934583269566,0.0993892916375123,0.029779286433447426,16.39972252932417,13.217881025010586,1.2905158861484367,1.2407225105365203,670.5000000000001,99.3865385382909,0.8530088086002626,0.9745639534883722,3.8382050635425156
ID2021,2021,0,656.0,524.7929757343551,904.4348659003831,0.0,12.0,12,14.411703602798783,1,,2130.2986217457888,2028.0,822.0,4095.0,1391085.0,637.8760129739519,0.84029975831293,3.049859835120413,-0.16539138331754266,0.15663873137301706,16.439989184151862,13.131819281426184,1.0991920821184864,1.2519201514907228,652.5,98.90140301132028,0.8382729938682016,0.9616801768607224,3.87179357244131
ID2064,2064,0,660.0,523.7325757575758,905.3017676767677,0.0,13.0,13,14.494292838262304,1,,2162.6646433990895,2061.0,959.0,4095.0,1425196.0,692.5594340819083,0.8455108009574543,2.8613085645018708,-0.08415167132404007,-9.32014732201138E-4,16.565940067440472,13.006210518244329,1.1134858988692282,1.2736945972235933,660.0000000000001,99.21801392369568,0.8425054924353971,0.9656181419166059,3.8620559540700183
ID2100,2100,0,654.0,525.3354814253222,904.1209249431388,0.0,14.0,14,14.488801535607074,1,,2101.710166919575,2019.0,694.0,4095.0,1385027.0,651.7432919521941,0.8414349444213283,2.9470697495722207,-0.15686997658057542,0.03666516537422586,16.466103736164634,13.249375945106445,1.1406418866919048,1.2427833434861708,659.4999999999999,97.38220959415304,0.8739073963882944,0.9684287812041112,3.7920340161235755
ID2097,2097,0,667.0,524.7696151924038,904.1504247876063,0.0,15.0,15,14.570953780881622,1,,2160.311844077961,2074.0,823.0,4095.0,1440928.0,664.6981784035675,0.8484356676540735,2.9835720586850405,-0.02544660858183531,-0.06610092961858505,16.360831829058355,13.197820856953065,1.0812056811537418,1.2396616082600416,667.0000000000001,97.56218545164856,0.8805877862903387,0.9723032069970847,3.777622907032798
ID2073,2073,0,664.0,525.1749560411956,903.1792263250439,0.0,16.0,16,14.532673858686334,1,,2096.572932330827,2036.0,964.0,4095.0,1394221.0,615.0295843515852,0.8422139693865989,3.116924859415259,-0.06694698323946006,-0.1416699837841731,16.434537384045232,13.131134698631515,1.255930316451897,1.2515702383098688,663.5,97.8148975307517,0.8714466056172299,0.962291515591008,3.7973842143065717
ID2089,2089,0,676.0,525.0435745937962,903.174052191039,0.0,17.0,17,14.679774962390475,1,,2174.394074074074,2123.0,939.0,4095.0,1467716.0,642.314240343168,0.8509990655563514,3.1127452894390646,-0.08067013126398255,-0.1579610845503439,16.540470344576747,13.294935587530517,1.2814502139468802,1.244118125708729,677.0,99.81067957781941,0.8539737230761959,0.9637010676156583,3.8360360352185214
ID2086,2086,0,653.0,525.1915767847971,905.0392912172573,0.0,18.0,18,14.372999552399637,1,,2050.0526315789475,1983.0,949.0,4095.0,1324334.0,586.8084063412471,0.8344646389979672,3.178317455331622,-0.19773526320091994,-0.2528021899512846,16.674651734105947,12.876216503406315,1.2864598900354367,1.294996222663294,649.0,97.19617488685954,0.8632890120407507,0.9614814814814818,3.81528359699259
ID2077,2077,0,645.0,525.7925752855659,905.0986500519211,0.0,19.0,19,14.295277084757526,1,,2057.8705148205927,1951.0,854.0,4095.0,1319095.0,627.738742248629,0.833069817221179,2.9796928636288453,-0.12205004259249044,-0.04834047579323877,16.373259014800816,12.926691160555754,1.1749485845236078,1.2666241353983803,642.0,96.98590612799859,0.8576846482085744,0.9697885196374624,3.8277283933657613
ID2111,2111,0,654.0,526.085881753313,902.5588685015291,0.0,20.0,20,14.428259270064393,1,,2060.2201834862385,2008.0,1047.0,4095.0,1347384.0,564.2431056078577,0.8362119380074747,3.3256070239367896,-0.04246038024420703,-0.057988293848099545,16.428159456215354,12.923334004891245,1.497236011436851,1.2712013362803745,654.0,99.06250556478747,0.8374694931250313,0.9624724061810153,3.8736505016758893
ID2096,2096,0,660.0,526.7658100277148,901.894809775762,0.0,21.0,21,14.51075427779609,1,,2009.9622926093514,2004.0,752.0,3523.0,1332605.0,492.5346462230686,0.8363518708560067,3.7171856446307596,0.02259431950865762,0.09247858402821217,16.191970445661862,13.174459506608356,-1.2254771642779165,1.2290424846301977,661.5,98.21070186158046,0.8618309434489224,0.9635833940276766,3.8185096324044143
ID2105,2105,0,627.0,527.8148441627047,904.6101426307448,0.0,22.0,22,14.172280627406865,1,,1956.6470588235295,1901.0,977.0,3836.0,1230731.0,503.8583703778029,0.8211955743173799,3.5020635787134733,-0.3645569755799562,0.0096424501975632,15.935504675249563,12.988860812439157,1.6737421074845675,1.2268592993150307,631.0,95.57617907031353,0.8680403122660312,0.9670498084291188,3.8048276127476317
ID2108,2108,0,638.0,527.9762277951933,902.5120167189132,0.0,23.0,23,14.250673927406327,1,,1968.869905956113,1943.0,888.0,3381.0,1256139.0,456.65768244489334,0.8239014590184661,3.89520347918545,-0.114458393890986,-0.06425699213324425,16.14960887726675,13.103855245714987,1.7601202930444075,1.2324318740126297,638.0,96.80667019829183,0.8554999299624169,0.9558052434456928,3.8326127748092964
ID2080,2080,0,658.0,525.9176891615541,901.8780674846626,0.0,24.0,24,14.406180819073164,1,,1977.8177641653906,1945.0,855.0,3861.0,1291515.0,512.9753120052615,0.8290667340354831,3.4952620620209482,0.028883950725776056,-0.024865753535404024,16.177401505852817,13.146407426184554,-1.3717909677450133,1.2305568343813258,652.0,97.29480550343204,0.8655220796410021,0.965925925925926,3.8103586570054486
ID2092,2092,0,628.0,529.1682514527206,902.5467511885895,0.0,25.0,25,14.172280627406865,1,,1929.7233704292528,1902.0,936.0,3329.0,1213796.0,434.7952330601231,0.816681475508713,3.9903794495124343,1.7438237737411088E-4,-0.16400871828616984,16.178297964431074,12.751037312147494,1.7465056909886856,1.2687828894531226,631.0,95.89365517285135,0.8623021668480232,0.9582384206529992,3.81746613683463
ID2115,2115,0,626.0,527.4217577706323,901.929528403001,0.0,26.0,26,14.070847494245603,1,,1835.3429487179487,1809.0,944.0,3262.0,1145254.0,407.4583566132318,0.8072284959247412,4.0239021628612015,-0.0027395817307816696,0.074596217409828,15.94917444816253,12.602886583598766,1.7716825303432082,1.2655175734834099,621.9999999999999,95.41358624733678,0.8585781053636787,0.9554531490015361,3.825736261564747
ID2084,2084,0,637.0,526.2270114942528,900.8795715778474,0.0,27.0,27,14.250673927406327,1,,1907.6212832550862,1897.0,784.0,3217.0,1218970.0,427.7550465626243,0.8180826084883014,4.013382573720021,-0.053384529627628546,-0.005634354288377018,16.376769224765134,12.655461528219991,1.826915920955742,1.2940475689683164,638.0,98.42672698581306,0.8275694601796213,0.9529499626587006,3.896751437228448
ID2122,2122,0,628.0,528.0915006640107,900.9788844621514,0.0,28.0,28,14.132920914670422,1,,1877.846645367412,1869.0,938.0,3137.0,1175532.0,391.0411605505595,0.8105508757152856,4.299690463689582,-0.09655487191690525,0.027207865751005752,16.234586126045564,12.672443757680998,1.883573290810106,1.2810935630474183,627.5,95.83959586493135,0.8584868491168208,0.9661277906081601,3.8259395920267787
ID2128,2128,0,650.0,524.640391550747,897.8122102009273,0.0,29.0,29,14.350836085779552,1,,1966.8307453416148,1982.0,916.0,3480.0,1266639.0,462.05863737416684,0.8222418241969877,3.8414346077600636,-0.0660105232829891,0.03128357159715243,16.211451871112274,13.009550772853308,1.9231713054600905,1.2461192668497278,647.0,97.81372836694534,0.8497956785163964,0.9627976190476192,3.845454462913442
ID2132,2132,0,650.0,523.3771524029812,896.1530454895914,0.0,30.0,30,14.367461891029611,1,,1963.8353846153846,1977.0,851.0,3375.0,1276493.0,497.2941876490963,0.8235106657409589,3.5668316677314773,0.01347963197718437,-0.03707416470005227,15.822493741795745,13.27863380503324,-1.0427844115804934,1.1915754266676335,648.4999999999998,104.0177386366428,0.7531908382086099,0.9290830945558736,4.0846271309498
ID2136,2136,0,652.0,522.6078582434515,894.5819209039547,0.0,31.0,31,14.372999552399637,1,,2026.5652841781873,2031.0,935.0,3477.0,1319294.0,515.6513550473696,0.8287672033171621,3.562120140723274,0.03532588689638468,-0.07587141438018866,16.02558048333715,13.04987491709559,-0.8699530358127578,1.2280256006395378,649.0,98.26715649336825,0.8445741451209157,0.9530102790014684,3.857323302369369
ID2148,2148,0,659.0,524.488829652196,894.8439959380554,0.0,32.0,32,14.455809914344426,1,,2015.6128048780488,2028.0,819.0,3264.0,1322242.0,513.0771881462769,0.8322430497647054,3.568794101090587,0.029096716803761212,-0.10520130648227224,15.967338397835826,13.435193028736713,-0.6599783605660385,1.1884710821558777,656.5,100.05313771951766,0.824106175680318,0.9398711524695776,3.9049308504400706
ID2142,2142,0,661.0,523.4106243705942,894.5898791540785,0.0,33.0,33,14.516237276018515,1,,2082.9682299546143,2093.0,765.0,3639.0,1376842.0,520.0311271756326,0.8389706667372766,3.654729819848072,-0.11453181636587373,-0.19451048942973,15.831734347757775,13.735249643868345,2.8222767736619447,1.1526353548896242,662.0,100.61036793437805,0.821830734886255,0.9643117261471231,3.9103329951253194
ID2154,2154,0,650.0,523.6492383165504,898.035502194681,0.0,34.0,34,14.334190996761446,1,,2046.2720247295208,2039.0,915.0,3402.0,1323938.0,489.09266490750736,0.8313669764950614,3.7985653627690557,-0.13158623705783126,0.07174714469353262,16.016219142125827,13.12300778047325,2.524492917849926,1.220468615888319,645.5000000000001,97.57722428570565,0.8519403556908722,0.9634328358208957,3.840611133613073
ID2125,2125,0,671.0,521.6223723723724,895.4366866866867,0.0,35.0,35,14.560026929865362,1,,2119.6521739130435,2133.0,876.0,3609.0,1413808.0,536.0250141292795,0.843075307292381,3.6177023201888105,-0.12074758195031161,0.003289235733524562,16.133941384947,13.397110520775856,2.706349467498506,1.2042851598430084,666.0,98.47240337982558,0.863087879472352,0.9666182873730044,3.8157281247778707
ID2150,2150,0,652.0,522.4020961145195,896.4386503067485,0.0,36.0,36,14.406180819073164,1,,2083.766153846154,2125.0,803.0,3425.0,1354448.0,515.9152509436182,0.8350603903360531,3.675937613448046,-0.1786800585542691,-0.10510146205445478,15.758946874100864,13.658850644830531,2.9642421728524218,1.15375351000453,652.0,96.92639923323333,0.8721140864872439,0.9666419570051891,3.7959307539567373
ID2138,2138,0,648.0,522.4858320453375,895.8858835651725,0.0,37.0,37,14.350836085779552,1,,2081.7805255023186,2115.0,920.0,3597.0,1346912.0,507.57549551266237,0.8345157431184296,3.731447888782789,-0.02204167126853398,0.010635211814226492,15.628739654396757,13.276672076336846,3.0120692848023918,1.177157917626965,647.0,100.99123253005205,0.7971623883800611,0.9514705882352943,3.9703750417416583
ID2140,2140,0,643.0,522.4570059570059,896.5867650867651,0.0,38.0,38,14.311967431463408,1,,2076.8164852255054,2073.0,912.0,3300.0,1335393.0,506.21252962404515,0.8324168501982439,3.72744989011622,-0.26366607942894743,-0.0273681043769405,15.973025084767198,13.311423341426597,2.9119733514782307,1.1999486963244124,643.5,100.74070673595911,0.7967983548015969,0.9633233532934131,3.9712819115782327
ID2152,2152,0,657.0,521.8720283257461,894.4934243803742,0.0,39.0,39,14.483308150941138,1,,2054.013657056146,2082.0,771.0,3406.0,1353595.0,511.7179434147228,0.8377580850896466,3.659594468763544,0.11741728996706335,0.029058382351195636,15.843006036731452,13.348695504494424,-0.2683779211862848,1.1868579990754309,658.9999999999999,100.46760449688654,0.8204331200640239,0.9482014388489207,3.913662220703065
ID2146,2146,0,648.0,522.5937660999485,894.1885625965997,0.0,40.0,40,14.350836085779552,1,,2031.4480620155039,2040.0,704.0,3284.0,1310284.0,490.59362810263127,0.8301440734389781,3.756488015024215,0.04045483188163712,0.04971790532294745,15.516351430826061,13.413386996525865,-0.32745145679201265,1.1567810154769167,647.0,101.51144268226965,0.7890129742485849,0.9635145197319435,3.990826613161096
ID2124,2124,0,656.0,522.4972031528096,893.058860920417,0.0,41.0,41,14.44479596233449,1,,2114.587786259542,2122.0,968.0,3627.0,1385055.0,515.502214528638,0.83703273164453,3.738098374811391,0.035954113441353394,-0.1321587496789689,15.78826706227052,13.45602335211655,2.8509890759746517,1.1733233994267054,655.5,99.02015475655676,0.8401084608213073,0.9555393586005833,3.8675617170785817
ID2160,2160,0,627.0,522.3557055864443,892.0681758009001,0.0,42.0,42,14.155425580062799,1,,1995.7131537242471,2029.0,826.0,3263.0,1259295.0,488.3123302501421,0.8178391590481301,3.6774169323022337,0.08945664083515209,-0.125637020936692,15.569855539377714,13.09843678347481,-0.2634008805736215,1.1886804354410356,629.5,95.59051194928846,0.8657171546516228,0.9722007722007724,3.809929332237471
ID2183,2183,0,635.0,524.7361331220285,897.6278394083465,0.0,43.0,43,14.172280627406865,1,,2015.4604430379748,2002.0,841.0,3265.0,1273771.0,485.34226165931284,0.8238942147674873,3.7516988693513973,-0.024416069020607653,-0.3072071480035196,15.621095936778486,13.434681275269398,2.65323853694069,1.162744066398795,631.0,93.86384315179788,0.9000001034635973,0.9790535298681148,3.736660596149543
ID2177,2177,0,638.0,524.1775956284152,894.9608378870673,0.0,44.0,44,14.278567228567365,1,,1982.10625,1980.0,930.0,3195.0,1268548.0,475.8628877216617,0.8241380527579385,3.7637204169524923,-0.19929860989507026,-0.164130555753656,15.890132617870087,13.268272955533833,2.805810814027733,1.1976036874673088,640.5,99.13132977833828,0.8190438132055388,0.9646084337349398,3.916980098134648
ID2188,2188,0,625.0,523.7943063352045,893.7881582464581,0.0,45.0,45,14.087803733570166,1,,1958.4185303514378,1961.0,938.0,3312.0,1225970.0,453.2267924031819,0.8165558175272487,3.8846961974213237,0.0549549040140503,-0.12688916762392974,15.331035171579044,13.314631116497983,3.0047100671038898,1.1514427277359987,623.5,97.95501817566945,0.8165691020767445,0.9490106544901066,3.9229110481750307
ID2164,2164,0,637.0,524.0773574993433,893.0214079327556,0.0,46.0,46,14.211531331408846,1,,1921.2220472440945,1921.0,812.0,2951.0,1219976.0,447.0014708818817,0.8192126928472204,3.870898648937717,-0.08787954943781486,-0.01110529954789823,15.84320731774688,13.028461954983696,3.00941883523229,1.2160458673087253,634.5000000000003,95.02833702223063,0.8829482130103495,0.9694423223834996,3.7725700798559303
ID2176,2176,0,628.0,524.948779193206,892.5472399150742,0.0,47.0,47,14.138550439257221,1,,1949.0429252782194,1966.0,801.0,3051.0,1225948.0,446.77724226446657,0.8170425391787869,3.9231953195058686,-0.11575502792058463,-0.06120938747545973,15.497310405355606,13.121539685697762,3.072092130540891,1.1810588373441715,628.0,96.7688753332291,0.842748756755333,0.9668976135488837,3.8614985114066274
ID2156,2156,0,625.0,524.0866560340244,893.2014885699097,0.0,48.0,48,14.127289146798006,1,,1982.8352,1993.0,917.0,3273.0,1239272.0,449.01891989719195,0.8173327825028565,3.972065783737366,0.09760763679983582,-0.08770412722478196,15.668904217010363,13.121216023100736,3.067306981257761,1.194165555191246,627.0,97.55707501809276,0.8278656506214862,0.9435665914221218,3.896054292841462
ID2181,2181,0,621.0,522.9133118625873,893.4066022544283,0.0,49.0,49,14.059531973722809,1,,1926.3713826366559,1932.0,882.0,3136.0,1198203.0,441.65682645242845,0.8112632779840606,3.907196937726555,0.040496556796149316,-0.07135794812235859,15.550555385799463,12.968306959585135,-0.13814764437640778,1.1991199340254464,620.9999999999999,97.84867302089044,0.8150637598334731,0.9502677888293798,3.9265319916434622
ID2167,2167,0,628.0,521.7464,894.8392,0.0,50.0,50,14.104739588693908,1,,1940.2428115015975,1937.0,896.0,3029.0,1214592.0,450.78342665657414,0.8156232210484831,3.867069624846772,-0.0516089082349545,-0.07292193226204599,15.516746049185658,13.098963497746132,3.118964588529831,1.1845781577951218,625.0000000000001,96.35058004178386,0.8460211384964087,0.9697439875872771,3.8540232016713536
ID2190,2190,0,622.0,521.1145415664262,891.8362737236032,0.0,51.0,51,14.087803733570166,1,,1924.3584,1931.0,940.0,3137.0,1202724.0,433.4416526078044,0.8138140899733715,3.983985467317992,-0.2657252444448925,-0.03627548876321729,15.259674731006346,13.136950555108115,0.05081294132817815,1.161584240345096,623.5,101.16191065982542,0.7656182465168906,0.9497334348819497,4.0513409560113365
ID2187,2187,0,646.0,522.6984065792856,891.5575687483938,0.0,52.0,52,14.367461891029615,1,,2026.09133126935,2043.0,919.0,3408.0,1308855.0,480.1818286283764,0.8288918763039804,3.8246627435142613,0.06291009713194089,-0.02222546273915102,15.700359319790177,13.3182851600787,-0.1291891877485555,1.178857422789812,648.5,99.72053736825491,0.8195031441818047,0.9529757531227039,3.915882211880526
ID2182,2182,0,623.0,522.900915455035,888.7011308562197,0.0,53.0,53,14.036873567421145,1,,1982.497576736672,2026.0,902.0,3155.0,1227166.0,464.1175444419691,0.814336012236193,3.8344280686041206,-0.05040648997188701,-0.01564644066906137,15.034707203532541,13.148425571634396,0.04238927808391163,1.1434606464189516,618.9999999999999,101.54592440061462,0.7543545568491304,0.9479326186830017,4.08147530312765
ID2172,2172,0,655.0,518.9619120654397,890.6664110429448,0.0,54.0,54,14.406180819073162,1,,2008.4092307692308,2007.0,945.0,3719.0,1305466.0,507.09979802154396,0.8266902719714477,3.584814421271465,0.00839239483373559,-0.19429068587639178,15.690081172023847,13.73301563946519,2.84058989468308,1.142508068434332,651.9999999999999,98.27095705415225,0.8484125585172875,0.9616519174041296,3.848587702149126
ID2192,2192,0,642.0,519.4553805774278,892.0380577427821,0.0,55.0,55,14.21712972884144,1,,2004.8602825745684,2036.0,899.0,3528.0,1277096.0,503.4386108065843,0.819953541112264,3.5883643366656695,0.05623472242752929,-0.007199690213560019,15.552423871861864,13.195977729214443,-0.41596414224546857,1.1785730615042271,635.0,100.19072626840254,0.794929364111044,0.9484690067214339,3.9759476917513963
ID2195,2195,0,629.0,519.826207442597,891.4422011084719,0.0,56.0,56,14.177894523696521,1,,2026.363924050633,2059.0,823.0,3374.0,1280662.0,495.4351147505009,0.8204196037948707,3.6865928928624085,-0.04056354434669155,-0.2978968315765105,15.545961374377313,13.482997314904168,3.0122977920752287,1.1530048557669543,631.5,98.37112454274019,0.8200643766553481,0.959726443768997,3.9145420144106753
ID2196,2196,0,624.0,520.6592,890.4432,0.0,57.0,57,14.104739588693908,1,,2023.317891373802,2065.0,826.0,3460.0,1266597.0,505.60524323170034,0.817232777142427,3.5992976572203377,-0.049878916651270915,-0.027997828226292522,15.266305335588214,13.206378241370482,-0.12644009938905607,1.155979713481534,625.0,96.51465558311398,0.8431471006558966,0.9585889570552147,3.860586223324559
ID2199,2199,0,622.0,521.7235739389024,891.3453636117869,0.0,58.0,58,14.0084990213908,1,,1952.928917609047,1978.0,994.0,3043.0,1208863.0,450.6193739530472,0.8119455404454211,3.8840814838451148,0.07457372375423497,-0.16747367111687042,15.258431185207563,13.101437871859096,2.847588326834848,1.1646379072621889,616.5000000000001,97.49640259486597,0.815015300623198,0.9412213740458019,3.9266487218514747
ID2202,2202,0,614.0,521.9795417348608,892.019912711402,0.0,59.0,59,13.945871807036522,1,,1935.811475409836,1933.0,1017.0,3165.0,1180845.0,430.5802045052433,0.8057901145196275,4.012302421413172,-0.09363885247044562,-0.024722398163953378,15.19290859862809,12.946248541963211,-0.05151989484570362,1.1735375347833534,611.0,100.5771747623343,0.75901823591086,0.9539422326307574,4.0689169618596575
ID2209,2209,0,588.0,523.9252191122421,890.879700310998,0.0,60.0,60,13.698309308281246,1,,1902.088285229202,1940.0,850.0,2887.0,1120330.0,416.0513308229376,0.7953550594105567,4.050647480636844,0.15155973853529986,-0.3982152012542176,15.07905929272872,13.125312636791469,0.12959911066871022,1.1488533423928295,589.5,94.5961527908513,0.8278406066538808,0.9349722442505948,3.896113224427314
ID2211,2211,0,596.0,524.4220923761825,890.7707289927656,0.0,61.0,61,13.808244704671576,1,,1918.9162479061977,1951.0,960.0,2871.0,1145593.0,417.96556209169063,0.8008892640115872,4.083485133144729,0.11230467932306565,-0.136012608039098,15.094572065969082,12.91497159695936,0.03912721511777262,1.1687654094046074,599.0000000000001,93.27052911285222,0.8652623474431607,0.9607056936647957,3.8109305058633494
ID2215,2215,0,610.0,524.6068619473828,888.1474098182805,0.0,62.0,62,13.985757936556007,1,,1924.679674796748,1953.0,896.0,3013.0,1183678.0,445.50960809552896,0.8087871690777453,3.8634755239324132,-0.043984289774432715,-0.07800561025327991,15.273093332284548,12.879989344732945,0.11809369913556901,1.1858001527408268,614.4999999999999,99.6090811882532,0.7782764388386761,0.9446579554189085,4.0182595958052225
ID2213,2213,0,608.0,526.4557570761199,887.1941467436109,0.0,63.0,63,13.894421397469888,1,,1940.5254515599343,1999.0,926.0,2898.0,1181780.0,451.39918414475176,0.8081870638427144,3.8428825018989703,-0.004510435274678463,0.12861686961365107,15.150026610574642,13.021858285771197,0.4350416546800916,1.1634304626958554,606.5,100.43732147976911,0.7555277579445021,0.9345146379044684,4.078305167039314
ID2230,2230,0,619.0,525.3039215686274,887.6168412570507,0.0,64.0,64,14.053870796938547,1,,1936.7415185783523,1959.0,856.0,3197.0,1198843.0,442.82180743948066,0.8119087843249627,3.9196164161623908,-0.0822808987076943,-0.031181143666520784,15.44560223931851,13.089362911203434,0.33687824802623206,1.1800117655916107,620.5,94.07493622233271,0.8810565510827539,0.9718089271730619,3.776617834078962
ID2222,2222,0,620.0,522.964141821112,889.3243352135374,0.0,65.0,65,14.053870796938547,1,,1909.9291465378421,1930.0,878.0,3071.0,1186066.0,430.7928191558047,0.8114503255166304,3.972046337053363,-0.21540551503008498,-0.20239439898279027,15.768616787894256,12.881593863687897,0.26119186472511796,1.2241200083434263,620.5,95.28297477470365,0.8588573462905845,0.9733333333333337,3.8251142787680834
ID2219,2219,0,603.0,522.8787752840121,887.0018010529233,0.0,66.0,66,13.83702990310963,1,,1950.540765391015,1988.0,870.0,3085.0,1172275.0,444.09311195447845,0.8039715807533653,3.9149119211523384,-0.10842284693157879,-0.1933258284249193,15.286566493166903,12.826726757144511,0.4467455672360905,1.1917745487680445,601.5,95.7375141407108,0.824671910907355,0.9593301435406698,3.9035912049887473
ID2206,2206,0,602.0,523.8016402557687,887.2217125382263,0.0,67.0,67,13.814006542896326,1,,1967.5740432612313,2022.0,983.0,3345.0,1182512.0,464.97209047976696,0.805272794812907,3.7751514962393706,0.004799567913290884,-0.04246859691916148,14.959918916688617,12.873419056774086,0.3974203748861773,1.1620781433986334,599.5,100.68130911468788,0.7431925435843076,0.9500792393026941,4.11201092775427
ID2225,2225,0,611.0,521.6749174917492,887.240099009901,0.0,68.0,68,13.888692920047486,1,,1945.2948929159802,1962.0,990.0,3149.0,1180794.0,441.082007099673,0.8068518846465094,3.9388311592886924,-0.07824358628333657,-0.07167568753409224,15.316764609290871,13.010487492412686,0.31153965952801593,1.1772629287121743,606.0,94.93233052108623,0.8449951241090808,0.9596199524940617,3.856362317911085
ID2226,2226,,33.0,547.1019900497513,483.94776119402985,0.0,69.0,69,3.2654833007009834,1,,1441.4242424242425,1402.0,1105.0,1838.0,47567.0,226.3987122179351,0.4940509211037448,4.21069882467437,0.07908425146855894,0.3783843615973513,3.8497967021002975,3.424302163818651,0.5342173082820252,1.1242572991301536,33.5,22.358485472372255,0.8421120996729738,0.9852941176470589,3.8629579286803866
ID2228,2228,0,612.0,520.3307398307398,888.9013104013104,0.0,69.0,69,13.94016447231539,1,,1910.2176759410802,1903.0,934.0,3118.0,1167143.0,440.36557474983664,0.8060234381518047,3.8718968836316137,-0.07354733374061691,0.015173638021471746,15.298976143798466,12.77801449722046,0.22263354753415285,1.1972889956515842,610.5,97.37971867462782,0.809018590087903,0.9546520719311966,3.9411746564501318
ID2234,2234,0,613.0,520.8575906241483,889.1252384846008,0.0,70.0,70,13.951576806991675,1,,1988.0929853181076,1995.0,976.0,3074.0,1218701.0,450.6583522913222,0.812424008738281,3.9549610139441578,0.01031947011516654,-0.08800220261789636,15.269492171989882,13.427120910367194,0.20455858884024875,1.1372126812532222,611.5,95.00031822036847,0.8514442272226289,0.9562157935887412,3.8417299144849264
ID2232,2232,0,632.0,520.2619047619048,888.5667204735001,0.0,71.0,71,14.04254159655076,1,,2037.9467741935484,2072.0,859.0,3473.0,1263527.0,480.7440975278142,0.8152516441255336,3.80770870301572,0.14032479312166923,-0.5546736055590076,15.612776532927976,13.473412597886313,0.3240577498304033,1.1587841179433103,619.5000000000001,94.90590859252357,0.8643003166871045,0.9657053780202651,3.813050841037881
ID2235,2235,,32.0,547.3602150537635,483.86559139784947,0.0,72.0,72,3.141274657157109,1,,1426.53125,1463.0,1085.0,1801.0,45649.0,205.66775342378565,0.4856234710869317,4.534568826702007,-0.0033804952917533336,0.18234042266196768,4.018058725536115,3.2310317125783756,3.015641685227255,1.2435838094358067,31.0,23.09879038290805,0.7301180452385915,0.9253731343283582,4.148665223175364
ID2236,2236,0,616.0,519.7166123778502,889.564332247557,0.0,72.0,72,13.980066885278035,1,,1927.115823817292,1943.0,981.0,2998.0,1181322.0,434.36994935514645,0.809364508585804,3.9691373707636712,0.09632087020623115,-0.20320188313921442,15.100672451478301,13.43785379971691,0.2603877684764295,1.1237413858302596,614.0,95.88022635207004,0.8393056252700732,0.9548989113530328,3.869411027854548
ID2252,2252,0,616.0,520.3614049362625,886.4780309194467,0.0,73.0,73,13.985757936556011,1,,1960.408130081301,2023.0,860.0,3166.0,1205651.0,459.235585932278,0.8114663411420616,3.8245575312900555,0.080924782751322,-0.17541133308697576,15.27403252558081,13.078184586318182,0.3453948787591743,1.1679015863990654,614.5000000000002,95.42413388770454,0.8480379698116426,0.9579111457521441,3.8494375923516655
ID2240,2240,0,618.0,520.6345170836696,888.5618778584881,0.0,74.0,74,14.042541596550759,1,,1966.5912762520195,1996.0,952.0,3110.0,1217320.0,459.63554507098866,0.8157200053227089,3.8443483355022616,0.019827500887626064,0.0023914961200409736,15.466119105043122,13.014445518593266,0.19658913073147888,1.188380948150825,619.5,96.71843908728005,0.8322093997996264,0.9619565217391305,3.885873187190336
ID2244,2244,,34.0,547.4806763285023,484.23429951690815,0.0,75.0,75,3.3138634663094946,1,,1413.0,1371.0,1028.0,1805.0,48042.0,240.8613331736371,0.5068249680079624,3.9463923943661525,-0.0073104729626164745,0.06379444441869962,3.979493737977536,3.0106620048126405,0.38766769298637804,1.3218002325123799,34.5,22.200104725336033,0.8796682410113402,0.9857142857142858,3.7795968261940907
ID2246,2246,0,609.0,519.3368563685638,890.5842818428185,0.0,75.0,75,13.991446672986726,1,,1939.9951298701299,1939.0,728.0,2987.0,1195037.0,447.2165968846513,0.8113525655921401,3.8861480879850134,-0.19075030820734915,0.05186114582980441,15.621305888153394,12.80337097733549,0.016924609323921348,1.2200932016893213,615.0000000000001,95.7735879433371,0.8425456963604128,0.9654631083202514,3.86196380971455
ID2251,2251,0,632.0,517.4420634920635,892.4563492063492,0.0,76.0,76,14.161046158239445,1,,1937.8890649762282,1939.0,903.0,3162.0,1222808.0,453.81205156989466,0.8178564357745087,3.842380559050717,0.014171742777644597,0.04261130543508668,15.823244985931153,13.058033123690578,0.013142071898857266,1.2117632752228036,630.0,96.70178018730905,0.8466062597032387,0.9633027522935783,3.8526911417812544
ID2238,2238,0,647.0,516.6830368651714,891.7240268110338,0.0,77.0,77,14.345289868727669,1,,2069.115740740741,2060.0,794.0,3639.0,1340787.0,507.57634904251904,0.8304360508741992,3.6988356643668303,-0.08491022767207147,-0.16297901236575627,15.739574423746296,13.45599413980456,-0.028470185002879667,1.1697072888272604,646.5,99.1297322682664,0.8267430006384324,0.9656460044809559,3.8986986584046095
ID2250,2250,0,659.0,516.0336368234699,895.0918057663126,0.0,78.0,78,14.48330815094114,1,,2087.153262518968,2051.0,877.0,3558.0,1375434.0,505.6325863125946,0.8350915163451468,3.75686531743143,-0.17175794116516954,-0.6375008713164272,15.803125088089047,14.136754553784913,2.9380406757711635,1.1178750418254937,659.0,97.51699504401357,0.8708325591051219,0.9806547619047619,3.798722795187887
ID2243,2243,0,677.0,513.8496902106568,891.312887236679,0.0,79.0,79,14.63090559256669,1,,2156.1023738872404,2160.0,926.0,4037.0,1453213.0,557.6359940291269,0.8446117423222617,3.540794490490781,-0.1644014396268047,-0.05796606504472193,16.407973258939922,13.527670703674707,3.0258601862283454,1.212919327972908,672.5,98.51412181648038,0.8707734365406558,0.9662356321839082,3.798851753199135
ID2259,2259,0,670.0,515.3324620363455,890.0113268608415,0.0,80.0,80,14.59823512620782,1,,2146.6567607726597,2131.0,946.0,3855.0,1444700.0,547.525137648267,0.8429279775649878,3.58649844414356,0.03591839187377446,0.05597581069443197,16.084894817208166,13.40264566917293,2.9815031479742706,1.200128333930711,669.4999999999999,98.96515319819193,0.8590052987989741,0.9660894660894661,3.824784851450196
ID2256,2256,0,657.0,517.7184257150088,891.1785623892686,0.0,81.0,81,14.477812681894532,1,,2172.1428571428573,2196.0,929.0,3648.0,1429270.0,537.5030304278009,0.8382505811634614,3.685586549097351,-3.4068189214690823E-4,-0.07707671664851236,15.963042020308807,13.354912394006732,-0.12627006207527533,1.1952936529536893,658.5,97.5147167318968,0.8702124978512321,0.9698085419734904,3.800075925249981
ID2262,2262,0,626.0,522.3057324840764,890.0363588110404,0.0,82.0,82,14.138550439257223,1,,2283.7336523125996,2321.0,830.0,3758.0,1431901.0,674.0201840436978,0.8219655717110953,3.0571447792455024,-0.006593303641278004,0.017167949952806384,15.067515850573571,13.524555579936386,0.21890039046388898,1.1140858390146409,628.0000000000001,96.03693280888693,0.8556436766937557,0.9668976135488841,3.8322908249635463
ID2264,2264,0,584.0,526.4194515852613,885.347472150814,0.0,83.0,83,13.628419519087378,1,,2375.408934707904,2477.0,873.0,3755.0,1382488.0,711.5245694023748,0.8124844641717198,2.9930863953923423,0.11488406076186171,0.0027335849581275754,14.081644780737255,13.419042382892664,3.138321406899659,1.049377770703617,583.4999999999999,94.855622906962,0.8149379898193351,0.9612850082372321,3.9268349723230136
ID2270,2270,0,574.0,524.5410167533219,883.1169844020798,0.0,84.0,84,13.552298857686367,1,,2391.100346020761,2515.0,834.0,3626.0,1382056.0,693.6095553094104,0.8025151564099946,3.0696371954458312,0.05001705806953185,-0.146635374740955,14.260688556485833,13.38634871841905,0.498093049408725,1.0653157822538815,576.9999999999999,93.07174087422598,0.837047305167928,0.9624687239366136,3.8746272699050195
ID2267,2267,0,583.0,524.2258753202391,883.7712781098776,0.0,85.0,85,13.65175587097167,1,,2363.718909710392,2489.0,870.0,3835.0,1387503.0,717.805021464579,0.7920275764854868,2.9108173006982785,0.01975205968318901,-0.2392016600626643,14.194321140961387,13.685292386866426,0.4776374865506905,1.0371953144810753,585.5,92.9540166472532,0.8515309580735133,0.9497161394971614,3.841534263941704
ID2273,2273,0,585.0,523.6614094913328,886.7887183859051,0.0,86.0,86,13.663409100469519,1,,2307.571672354949,2396.0,908.0,3756.0,1352237.0,681.7545332245625,0.7739885871249398,2.953526661155712,0.050399629212371004,0.016960379707693006,14.603877245541936,13.237622335345792,-0.2038933881855703,1.1032099931230177,586.5,92.25007163149802,0.8660529719436577,0.9591169255928046,3.809190599016542
ID2277,2277,0,573.0,524.8312990409764,893.5043591979075,0.0,87.0,87,13.511133176991631,1,,2191.5538194444443,2146.0,906.0,4089.0,1262335.0,687.4914378364505,0.7652890447462564,2.7639139168883937,-0.013038396324756937,-0.23971064353281477,14.264666331952258,13.355465430125886,2.3880270305070237,1.0680770660208883,573.5,92.43539091952834,0.8434643314049214,0.9526578073089703,3.8598601630817937
ID2291,2291,0,586.0,524.0086968919304,895.1903336184773,0.0,88.0,88,13.640092685697764,1,,2019.5445205479452,1993.0,943.0,3484.0,1179414.0,551.9906169847645,0.7554355204441912,3.1489390262283825,-0.09484186077099026,-0.1576610447584813,15.04429694903051,12.828148203070054,-1.0364139732167705,1.172756715223331,584.5,92.04049712863574,0.8670346783788981,0.9701244813278008,3.807033496112717
ID2279,2279,0,551.0,526.4156773211567,897.4765601217656,0.0,89.0,89,13.20131291522269,1,,1745.4862888482633,1747.0,946.0,2642.0,954781.0,338.3510938710676,0.7306406769539108,4.355878851308673,-0.3607137791316968,0.32720223643726565,15.660826338828642,11.778552142631506,-1.1180288093912636,1.3296053835127633,547.5,90.61801295087834,0.8378473836802923,0.9588441330998251,3.872776845530807
ID2287,2287,0,527.0,530.6607992388201,895.0537583254044,0.0,90.0,90,12.933361712624526,1,,1659.88,1683.0,902.0,2463.0,871437.0,295.9340802397187,0.7325165498724323,4.74298504212003,0.03143149411618747,0.1193302330059998,15.821747823498411,10.952762467907103,1.5785888267808807,1.4445440472080002,525.5,88.0038603802627,0.8526663766326802,0.9633363886342807,3.838975700344795
ID2284,2284,0,611.0,529.127868852459,891.9292349726777,0.0,91.0,91,13.934454799959427,1,,1867.973813420622,1833.0,864.0,3149.0,1141332.0,462.5639904000076,0.7957288233943803,3.578930744746978,-0.6119712423197385,0.19210302689996192,15.740280919137254,13.09567967645425,1.0752803949023084,1.2019445579016368,610.0,92.781966618478,0.8904561787146179,0.9854604200323102,3.7566320217546902
ID2285,2285,0,602.0,528.3807947019867,891.6685982339957,0.0,92.0,92,13.86575534383214,1,,1861.271523178808,1842.0,1017.0,3179.0,1124208.0,447.9279131439161,0.7950885309370603,3.6809610190741107,-0.4205153023021849,0.16059955385247715,15.889472458184217,12.751381006115901,1.1358378665781386,1.246098163843054,604.0,92.31790300437775,0.8905841072449661,0.9726247987117552,3.7563622001458983
ID2289,2289,0,581.0,528.1551126516464,891.6031195840554,0.0,93.0,93,13.552298857686367,1,,1804.0398613518198,1753.0,933.0,3000.0,1040931.0,426.2034026403391,0.780909772059205,3.712087057158537,-0.5033607856124855,0.34708683597619355,15.511719869593078,12.55110638110306,1.2098371278238287,1.2358846621639281,577.0,94.71016396688873,0.8083370781715229,0.9763113367174281,3.9428357157215865
ID2297,2297,0,603.0,528.0827160493827,892.2083676268862,0.0,94.0,94,13.905871272834824,1,,1883.0378912685337,1852.0,841.0,3116.0,1143004.0,446.2117186961997,0.8043131260153858,3.762368509004338,-0.16576945091806355,-0.047599779453484516,15.771452986769019,12.444109838389807,1.3046406067885399,1.2673829780989583,607.5,93.96272165867157,0.8646592080254616,0.9665871121718377,3.8122594234839746
ID2294,2294,0,646.0,524.734086775786,890.3942582488958,0.0,95.0,95,14.289709303792772,1,,2045.5233644859813,2056.0,1016.0,3146.0,1313226.0,459.6704954114904,0.8257525841915899,4.025277528303536,-0.17029272182917105,0.16831103013261114,16.399120186582927,12.912109868013951,1.4787476937421888,1.2700573612068655,641.5,96.64752250153748,0.8630283721956491,0.9617691154422788,3.81585967298804
ID2300,2300,0,635.0,523.1832151300237,890.3444969792488,0.0,96.0,96,14.211531331408843,1,,1964.283464566929,1989.0,755.0,3093.0,1247320.0,424.52902271803936,0.8174597687975624,4.162251825677035,0.055003458021260554,0.1672642955569083,16.32290077635818,12.553546885927936,-1.5579151360438266,1.30026206335801,634.5,95.54496915425621,0.8734254480568641,0.9761538461538461,3.793080077027785
ID2303,2303,0,630.0,522.5526037536347,890.2887919640498,0.0,97.0,97,14.166664506470111,1,,1958.5879556259904,1978.0,979.0,2994.0,1235869.0,413.59125376153247,0.8156687717414688,4.254797940915552,-0.1447615336494594,0.07458256294802343,16.3492904944213,12.683395036103981,1.6136053559211843,1.2890310873297053,630.5,93.96758318078204,0.8973024236337483,0.9744976816074189,3.7422733909976937
ID2306,2306,0,636.0,523.2203035060178,891.0463108320251,0.0,98.0,98,14.239501307948764,1,,1983.1302982731554,2004.0,864.0,2908.0,1263254.0,444.90984562213816,0.8216211409696266,4.020895409010023,0.07107958621547397,0.0357639209561171,16.617514952416283,12.506705646422944,1.567441048999239,1.3286884190137693,636.9999999999998,97.2300801679721,0.8467359687451814,0.9622356495468273,3.852396039154921
ID2316,2316,0,638.0,522.4640985324947,891.2400419287211,0.0,99.0,99,14.228319915326997,1,,2038.9716088328075,2040.0,968.0,3228.0,1292708.0,460.6600585638148,0.824045977507512,3.9992290501596024,-0.053518124197180696,0.23691098598655905,16.456780302619094,12.71769058067793,-1.5054919055399951,1.2940069738464928,635.9999999999999,94.82424073350327,0.8888494985949217,0.973221117061974,3.7600257239111907
ID2322,2322,0,646.0,522.9639361154044,890.3809891808346,0.0,100.0,100,14.350836085779552,1,,2036.514683153014,2051.0,870.0,3133.0,1317625.0,492.3478589958077,0.8297835062984615,3.7515486016863364,-0.07365436731694698,0.15236887078337405,16.77408780039501,12.634407901643057,1.4942945448164997,1.3276512782378669,647.0,99.36893696187403,0.8234037813076264,0.9656716417910446,3.9065960217925215
ID2309,2309,0,629.0,523.1268144629189,890.7575877540247,0.0,101.0,101,14.177894523696521,1,,2004.1534810126582,2030.0,881.0,2937.0,1266625.0,453.5266389336041,0.8202244890026014,3.982593221742549,-0.04400344660274539,-0.08450043117460701,16.13101833442777,12.700570182567596,1.6186067789436431,1.2701019011389503,631.5,97.25553016399812,0.8389857947025673,0.959726443768997,3.8701484884961794
ID2328,2328,0,649.0,524.6534105534105,890.0711711711713,0.0,102.0,102,14.356380160193742,1,,2054.1145510835913,2092.0,947.0,3091.0,1326958.0,488.3142550283645,0.8297242748894713,3.8150777975868553,-0.16400841589249143,0.1826488609590454,16.70200051141243,12.71050506997116,-1.5456616834584727,1.3140312221637251,647.5,98.44183147124492,0.8396344839027323,0.9803179409538229,3.868653189850509
ID2313,2313,0,645.0,522.7807971014493,889.8796583850932,0.0,103.0,103,14.317526556719258,1,,2050.144409937888,2043.0,861.0,3271.0,1320293.0,462.8573128098761,0.827146691022256,4.010296103850407,-0.025672138038188106,0.15513826456046975,16.5212096993353,12.666758321413006,-1.46003474529025,1.304296591133849,644.0,95.49352381915193,0.8874581705865067,0.975018925056775,3.762971992515753
ID2319,2319,0,656.0,522.0628332063976,888.8546585427774,0.0,104.0,104,14.455809914344426,1,,2078.435975609756,2071.0,901.0,3545.0,1363454.0,495.21560623427246,0.8346754037029632,3.818833302545054,-0.10846840644497933,-0.09069509220793145,16.23139823965675,13.093435585379376,-1.442624478121915,1.2396592272376046,656.5,95.42745883850608,0.90593674762595,0.9740356083086055,3.7243972202272158
ID2334,2334,0,634.0,522.0612648221344,890.5890645586298,0.0,105.0,105,14.189115652895623,1,,1995.6413902053712,1975.0,1003.0,3206.0,1263241.0,455.97877337125317,0.8206687164647865,3.945525195489919,0.11545024548200744,-0.05309477825065209,16.098757306994507,12.671611443582659,-1.4120933021818556,1.2704585662739425,632.4999999999999,97.51296567701866,0.8358833297434316,0.9547169811320751,3.8773240589237528
ID2331,2331,0,650.0,523.5181771633385,890.5760368663595,0.0,106.0,106,14.395128895068904,1,,2124.992307692308,2126.0,930.0,3046.0,1381245.0,502.0683428538919,0.8344761700379575,3.85058206788481,0.06205942171328542,-0.010576418361247631,16.418565159210075,13.037117366764454,-1.4553799740550648,1.2593708177442624,650.9999999999998,98.37218305700661,0.8453688364768563,0.9531478770131767,3.8555098322619465
ID2325,2325,0,646.0,524.5345006485085,889.9108949416343,0.0,107.0,107,14.300842698005091,1,,2127.1076443057723,2136.0,993.0,3120.0,1363476.0,504.7675572301557,0.8303678052221832,3.823491811006876,-0.1881209637143535,-0.18410207024215974,16.308856490364704,12.840257255127026,1.565465933619434,1.2701347150854543,642.5000000000001,96.79759033695731,0.861695656143509,0.9690799396681752,3.8188093760553317
ID2340,2340,0,645.0,523.8045843045843,889.1143486143487,0.0,108.0,108,14.311967431463408,1,,2134.996879875195,2178.0,906.0,3193.0,1368533.0,482.78507769011395,0.8288303214347466,4.008349844889553,-0.044009068121357506,-0.10410549718423845,16.201280987139043,12.75798285191489,1.6770602432567285,1.2698936168194752,643.5,97.58018862764872,0.8492491261751617,0.9590163934426229,3.8466916758987733
ID2346,2346,0,652.0,524.0160875160875,889.5234234234233,0.0,109.0,109,14.356380160193742,1,,2102.4287925696594,2124.0,983.0,3060.0,1358169.0,481.93431992346257,0.8311424490023841,3.9601968103932617,-0.26605065759163515,0.4058516541048497,16.803605615901084,12.895625443527113,1.6634875932909396,1.3030469665459739,647.5,95.70303828957584,0.8883787990045802,0.9722222222222222,3.7610217000635697
ID2337,2337,0,648.0,523.9538461538461,889.155641025641,0.0,110.0,110,14.38406847937898,1,,2132.349230769231,2165.0,784.0,3156.0,1386027.0,496.9197845758921,0.834912827792636,3.9050602432565777,-0.17849837262417376,0.014316204253565253,16.76394245579504,12.63980281687448,1.587863757368767,1.3262819601437705,650.0,97.23560535910089,0.8639181059236949,0.9701492537313433,3.813894224169712
ID2343,2343,0,650.0,523.5544427324088,888.7010785824345,0.0,111.0,111,14.372999552399637,1,,2067.613251155624,2116.0,931.0,3192.0,1341881.0,471.97068452008557,0.8314675358298852,3.9776846611663275,-0.08592404696666224,0.19383876464793823,16.340910100957704,12.9546624324884,1.6031424581435798,1.2613921965250974,649.0,97.79505853314714,0.8527480577106648,0.970104633781764,3.8387918364356333
ID2349,2349,0,665.0,520.9747626186906,886.7508745627186,0.0,112.0,112,14.570953780881622,1,,2106.9354354354355,2128.0,839.0,3287.0,1403219.0,512.4865642452645,0.8384944089713586,3.75004601336346,0.0515379550382294,0.006734575898514057,16.622980965303007,13.10947934331497,1.7201647314059714,1.2680122932402886,667.0000000000001,96.99467291836073,0.8909225105519242,0.9617880317231438,3.7556487339876607
ID2363,2363,0,669.0,519.9972595914301,889.4257598405582,0.0,113.0,113,14.592782937361742,1,,2126.968656716418,2147.0,783.0,3287.0,1425069.0,516.3301633462376,0.8424778450223374,3.7672097686420156,-0.05405849208822661,0.019290332487327783,16.498211539457888,13.10570196192157,-1.4922094321038362,1.258857525327007,669.0,96.58529430995324,0.9011850256898994,0.9709724238026125,3.734203215896103
ID2355,2355,0,657.0,519.4916286149163,889.8508371385084,0.0,114.0,114,14.461313744703503,1,,2063.75799086758,2086.0,826.0,3150.0,1355889.0,476.5622392371104,0.8335423128070845,3.937366571588018,-0.14596652559173467,0.2666819950986269,16.747620293956995,12.782797908862337,1.7196586983902822,1.3101685885486651,656.9999999999999,94.91385052256814,0.9164653478033141,0.9820627802690579,3.702941983321144
ID2352,2352,0,633.0,519.574044795784,890.5953886693018,0.0,115.0,115,14.189115652895625,1,,2056.259493670886,2091.0,987.0,3012.0,1299556.0,449.45947364776316,0.8216054719959716,4.126923115664681,0.08377221058710099,0.09351004047315241,16.72711125247127,12.536049245591618,-1.489832815275799,1.3343207995416473,632.5,97.31438156134524,0.8392982929941467,0.9583333333333334,3.869427929787747
ID2358,2358,0,639.0,519.7536344755971,890.6144859813085,0.0,116.0,116,14.295277084757526,1,,2043.4034267912773,2056.0,932.0,3020.0,1311865.0,462.13488942697285,0.8255287553737244,3.9990688655614672,-0.40291962511065355,0.3320614966308268,16.758894201932335,12.930845163970638,1.6309233794607914,1.2960401264897854,642.0,96.84811845783013,0.8601268729747782,0.9771689497716897,3.8222903477938255
ID2376,2376,0,648.0,520.1929012345679,890.5997942386831,0.0,117.0,117,14.361922094451577,1,,2104.5595054095825,2138.0,952.0,3212.0,1361650.0,490.3569393362073,0.8318640635554883,3.8979655808982523,-0.4063569603021492,-0.20333173413132974,16.275922398979954,13.235821306043968,1.537705155740472,1.2296873781113804,648.0,98.60989971526163,0.8374209771311679,0.9678864824495892,3.873762710043717
ID2366,2366,0,649.0,519.5409311844462,891.3188795088258,0.0,118.0,118,14.400655917309448,1,,2071.082949308756,2070.0,870.0,3110.0,1348275.0,481.8764628164765,0.8311415337034128,3.9016189069961977,-0.02987465372008358,-0.03479195033463579,16.256662456164573,12.836264487597909,1.6632838341115506,1.2664636562974665,651.5,97.44579651367836,0.8621802383938907,0.9609144542772862,3.817736057942242
ID2369,2369,0,648.0,520.2954837054144,890.2331280472157,0.0,119.0,119,14.378535081028668,1,,2124.472392638037,2151.0,884.0,3422.0,1385156.0,499.4046847750019,0.8345795281382966,3.8704339452767793,-0.04050783224945104,0.2205144271632583,16.428891391372865,12.941982915311328,-1.5084969206096308,1.2694261380870984,649.5,95.16732954242138,0.9011835459122989,0.9752252252252254,3.734206281746579
ID2373,2373,0,660.0,520.2338872104733,890.2630916414904,0.0,120.0,120,14.516237276018515,1,,2064.140060240964,2074.0,871.0,3161.0,1370589.0,499.14444747844607,0.8373169492466239,3.7691959423255943,-0.032889559695551435,0.05837395861563521,16.696718973109345,12.842999844474127,1.6458446278282937,1.3000637837968465,662.0000000000001,99.23573400539752,0.8447567696709797,0.9664233576642339,3.8569063302688966
ID2380,2380,0,640.0,519.2526041666667,890.0244791666667,0.0,121.0,121,14.27299292922217,1,,2012.5031347962383,2022.0,897.0,3115.0,1283977.0,450.07126505946815,0.821902724384362,4.0344144418618715,-0.03018951093747377,0.06508420891144147,16.464460297095275,12.505584316279723,1.6301442338305387,1.316568652906678,640.0,95.91277729221328,0.8742525433465467,0.974124809741248,3.791285411948388
ID2383,2383,0,638.0,520.0904241478012,891.108639084049,0.0,122.0,122,14.278567228567363,1,,2030.703125,2050.0,1002.0,3088.0,1299650.0,459.6534136826288,0.8254459825992725,3.9954492169427804,-0.12918462894239,0.06142940232376553,16.133140921181226,12.728431045109998,1.5856386877893534,1.2674885745151794,640.4999999999999,97.30374350007095,0.8500997731720397,0.9748858447488581,3.8447666102736053
ID2393,2393,0,639.0,520.1898618712536,891.7577534532187,0.0,123.0,123,14.267416451990673,1,,2036.4632237871674,2033.0,921.0,3281.0,1301300.0,479.2478610908177,0.8260893114789616,3.844601867427357,-0.3759667490653031,-0.20821722529169384,16.262334169990925,13.23106229267069,1.447807969917511,1.2291026835388268,639.5,96.90300744414122,0.8558071314170411,0.9674735249621785,3.8319248336517893
ID2386,2386,0,648.0,520.5213208528342,891.7992719708789,0.0,124.0,124,14.284139352575984,1,,2061.1940532081376,2057.0,961.0,3352.0,1317103.0,497.5875467423237,0.8266564209587741,3.7492771880425493,0.16653475058776102,-0.08228163204676249,16.324817623339626,12.656631425070684,1.552477985470414,1.2898232614250642,641.0,98.02427540196197,0.8383022121674593,0.9531598513011152,3.871726097843619
ID2390,2390,0,634.0,522.5175991594432,890.4579721565538,0.0,125.0,125,14.211531331408843,1,,2028.0566929133859,2036.0,978.0,3157.0,1287816.0,473.4999258142959,0.8237321352508965,3.86914610626335,0.0935314209389579,0.11326132084063242,16.60980429388365,12.539069306259968,1.514398840451962,1.324644109399046,634.5,97.7171396125967,0.8350260013447599,0.9591836734693879,3.8793139893140247
ID2396,2396,0,639.0,520.1732077446363,890.1794871794873,0.0,126.0,126,14.239501307948768,1,,1979.4141732283465,1999.0,849.0,3168.0,1256928.0,448.5556738502841,0.8202646158607123,3.9771298214800295,-0.1327443922694225,0.07452360468569065,16.137027763221948,12.87925858329311,-1.5585358451687212,1.2529469502347592,637.0,94.28056397367239,0.9005440328291023,0.9688212927756654,3.7355319526015243
ID2400,2400,0,625.0,520.8842666666667,891.7829333333334,0.0,127.0,127,14.104739588693908,1,,2016.5232,2009.0,916.0,3329.0,1260327.0,464.0166848680093,0.8177829441815124,3.9101700595914917,-0.020279632086003786,0.017195091432043168,15.99418158972502,12.55425707453673,1.522319406116715,1.274004626061493,625.0,94.76693785090647,0.8745329675755743,0.9682416731216111,3.790677514036259
ID2406,2406,0,638.0,519.5386624869384,892.1494252873564,0.0,128.0,128,14.250673927406327,1,,2004.5729984301413,1996.0,920.0,3302.0,1276913.0,484.4001280446189,0.8251148337965117,3.741724628314644,0.10223549329708685,0.011396794776376387,16.313955681394138,12.595137964409803,1.4524624758632878,1.295258196257368,638.0,95.66675189741558,0.8760088321832066,0.9792785878741366,3.7874829771080805
ID2401,2401,,32.0,547.0589743589744,484.0897435897436,0.0,129.0,129,3.2163754912903433,1,,1408.7878787878788,1368.0,1041.0,1813.0,46490.0,218.43001705004937,0.4743078396845497,4.14987877488531,0.00271581663628643,0.09987357455852641,3.9578865221674113,2.9258649847353886,0.09533370589019505,1.3527235681811058,32.5,21.886349517372675,0.8526024259962935,1.0,3.839119671513647
ID2403,2403,0,610.0,521.2563048245614,892.8432017543859,0.0,129.0,129,13.911592676604096,1,,1897.087027914614,1884.0,1027.0,3109.0,1155326.0,428.0859834075403,0.8040247201881981,3.9501461037558006,-0.07016239498628762,-0.10949965443913155,16.0313550581658,12.255008819341883,1.3849228095500383,1.3081471661500375,608.0,95.57263343983183,0.8364622341459341,0.9582348305752562,3.87598210445474
ID2419,2419,0,636.0,522.0296267293136,893.0066562255286,0.0,130.0,130,14.256256953644963,1,,1981.832288401254,1990.0,856.0,3080.0,1264409.0,463.8292550002931,0.8209977360774012,3.8527542816578335,-0.31950078509079005,-0.1027649065116662,16.4027962185018,12.968797156031043,1.4485668298859204,1.2647893263465686,638.5,95.41809272782284,0.8812706425377981,0.9800460475825019,3.7761590699491143
ID2409,2409,0,634.0,523.0855141422152,894.1399682791435,0.0,131.0,131,14.166664506470111,1,,2030.631746031746,2033.0,1068.0,3102.0,1279298.0,463.1034156140348,0.8216686258071265,3.9555830639542413,-0.2156061239835981,-0.11568746404668252,16.51319569020741,12.62568476177909,1.4182841216938051,1.3079049573767856,630.5,96.20411002441122,0.85606689405198,0.9744976816074189,3.8313434150618786
ID2416,2416,0,638.0,522.2672906916276,894.2675507020281,0.0,132.0,132,14.284139352575984,1,,2030.325,2029.0,1013.0,3263.0,1299408.0,477.6575937204506,0.825815824102262,3.8450775661701306,-0.24420037591788313,0.009869952804585903,16.16065133476654,13.173592803298739,1.411337588353771,1.2267459284698572,641.0,96.56297025977629,0.863866556779103,0.9631855747558226,3.814008014922701
ID2412,2412,0,630.0,522.1184802753507,893.0345512311359,0.0,133.0,133,14.1554255800628,1,,1985.533439490446,2000.0,800.0,3054.0,1246915.0,440.9659331772917,0.8168596879985346,4.048817832833206,-0.2102407480210444,-0.025118625172920815,16.036006257411522,12.97486914053311,1.484928263024376,1.2359281688102355,629.5000000000001,95.99153493431291,0.8584988663287917,0.9684615384615386,3.825912814304777
ID2422,2422,0,639.0,523.1929963138494,893.2472353870459,0.0,134.0,134,14.194722891072567,1,,2016.8544303797469,2025.0,874.0,3121.0,1274652.0,454.08492578135844,0.8194371590326616,4.000792782124596,-0.29398232220233106,0.0053585635316788,16.16641235835993,12.989017441823801,1.472610574716758,1.244621652928506,633.0000000000001,96.12737664462693,0.8608339631938156,0.9671504965622615,3.8207202079851523
ID2426,2426,0,635.0,524.1098395159169,892.9356748224152,0.0,135.0,135,14.200327915137432,1,,1980.107594936709,1979.0,1025.0,2996.0,1251428.0,444.3867383158919,0.8185639840768357,4.01126857968653,-0.3927642281288069,0.20769345039155834,16.490015492652766,13.106877831738965,1.484106708983988,1.2581192641256915,633.5,94.26284431727493,0.8959327310200488,0.9859922178988327,3.74513287279082
ID2430,2430,0,638.0,523.4360480292352,892.6824588880188,0.0,136.0,136,14.25625695364496,1,,2008.4171875,2043.0,1000.0,3291.0,1285387.0,445.91805322195796,0.8234894362620767,4.068025347368913,-0.20669601230585766,-0.06203792566671162,16.17138087856064,12.8591395199844,-1.5410907752054899,1.2575787713811397,638.4999999999999,97.22981098308445,0.8487345519982925,0.9615963855421685,3.8478575930092354
ID2442,2442,0,645.0,523.5523028883684,893.4864689045017,0.0,137.0,137,14.278567228567365,1,,2020.6635514018692,2040.0,910.0,3097.0,1297266.0,463.52206767161454,0.8244652246121662,3.9399466440122812,-0.10887224550556245,0.02344530746451151,16.14503867335318,12.9718227760751,1.6169067497873502,1.2446237473372423,640.5,94.29297523963622,0.9052537227647218,0.9763719512195121,3.72580200662521
ID2438,2438,0,644.0,523.591569390402,893.1479896238652,0.0,138.0,138,14.30084269800509,1,,2015.98133748056,2028.0,939.0,3159.0,1296276.0,457.8682382942793,0.8235494380115251,3.976931569207352,-0.054336069300159426,0.002946147837257958,16.335836807166203,12.94221963792894,-1.5467899795223035,1.2622129174266064,642.5,96.04778189752881,0.8752020300900057,0.9676204819277109,3.789228314287498
ID2447,2447,0,637.0,523.9704491725769,894.2830312582087,0.0,139.0,139,14.211531331408846,1,,2026.8123028391167,2033.0,924.0,3196.0,1284999.0,450.8876634964263,0.8209714896539905,4.053219316031625,-0.1371999708968228,0.15189776978543715,16.73312383049119,12.458616937681262,1.5156849470897957,1.3430964218734123,634.5000000000002,97.09108355513305,0.8458294350244566,0.9613636363636368,3.854459925518849
ID2433,2433,0,648.0,524.2501280081925,894.0727086533539,0.0,140.0,140,14.395128895068906,1,,2053.1476923076925,2052.0,992.0,3248.0,1334546.0,484.3055483182082,0.8303616995584923,3.846459216712977,-0.11935660080340849,0.05152492447793811,16.370699693845655,13.059122691558118,1.5774108049942357,1.2535834206097365,651.0,98.46197777574076,0.8438276315404396,0.9716417910447761,3.8590291647623145
ID2451,2451,0,635.0,525.2061299657985,893.3863456985003,0.0,141.0,141,14.200327915137432,1,,2008.7677725118483,2000.0,792.0,3164.0,1271550.0,456.80427986062733,0.819773498570685,3.9619236497456374,0.061198285256396416,0.25981616869667434,16.611757694038346,12.515613011461378,1.5674963482395698,1.3272827850162718,633.5,97.20732905497952,0.8424777942152115,0.9620349278663628,3.8621194401332124
ID2454,2454,0,622.0,525.8173205230852,892.7175073392048,0.0,142.0,142,14.099096564027686,1,,1927.2608,1943.0,919.0,2967.0,1204538.0,418.8525811774048,0.8115672548386663,4.122677294474674,0.020048258103928327,-0.20192835379795,16.24839488190202,12.6337201818398,1.509031427429514,1.2861132467741443,624.5,96.0879432013027,0.8499717904566002,0.9607692307692308,3.8450560582029776
ID2470,2470,0,667.0,525.557687484324,890.8062452972159,0.0,143.0,143,14.543621260508983,1,,2147.6153846153848,2150.0,965.0,3361.0,1423869.0,511.1302488639681,0.839161247213524,3.8342509251822516,-0.17947911393650576,0.2125850038632008,16.696514986086637,13.281303347157976,-1.5095884616292596,1.2571443140525413,664.5,96.88625777462877,0.8895707328122114,0.9665454545454546,3.7585011632416063
ID2457,2457,0,647.0,527.3197016460906,891.2836934156379,0.0,144.0,144,14.361922094451577,1,,2063.508474576271,2090.0,855.0,3110.0,1339217.0,485.1185234510785,0.82926902561791,3.856614752468753,-0.1655472554740646,0.030419663079905523,16.249325408802424,12.994247447187417,1.5972527013485744,1.2505014603457902,648.0,98.76028231204184,0.8348726316122823,0.9508437270726339,3.8796702963745906
ID2473,2473,0,642.0,526.8144263144263,891.0112665112665,0.0,145.0,145,14.311967431463408,1,,2060.0729813664598,2065.0,822.0,3077.0,1326687.0,470.2055960928235,0.8275881926747866,3.9679002945696826,0.023723805020660495,-0.017643560186678436,16.499106904603792,12.779582178398826,1.600689831152954,1.2910521388165597,643.5,96.33300522592633,0.8713812235763442,0.9669421487603306,3.797526675531421
ID2466,2466,0,659.0,527.4275801160737,890.1050971486247,0.0,146.0,146,14.499782061272292,1,,2090.6475037821483,2105.0,785.0,3330.0,1381918.0,519.9164718292405,0.8369002228458182,3.6640833951213843,-0.17932913028640657,0.13069274755496146,16.53082731900831,13.206106408387107,1.5769834959639715,1.2517563320941967,660.5,97.09406786635213,0.880434987323173,0.9734708916728076,3.777950694913282
ID2462,2462,0,636.0,528.449725058916,889.2096098455092,0.0,147.0,147,14.233911709575228,1,,2051.4128728414444,2062.0,777.0,3183.0,1306750.0,477.11455913483917,0.824771216432227,3.8867398863884084,-0.04339536626096618,0.10117944732056058,16.473903021276758,12.502957631819505,1.594194037390257,1.3176004835329012,636.5000000000001,96.90112928275911,0.8518254185959167,0.9762269938650309,3.8408702323599453
ID2477,2477,0,648.0,530.4217503217503,888.3157014157014,0.0,148.0,148,14.356380160193742,1,,2085.493808049536,2090.0,981.0,3149.0,1347229.0,506.653641420548,0.8325670502210207,3.740133271459039,-0.2195812220960289,0.13735706295142397,16.42818066304677,13.12276991143925,1.4967156334918044,1.2518836170956684,647.5,95.68568005632689,0.8887011478685334,0.9810606060606061,3.7603395410319354
ID2484,2484,0,650.0,530.0911179173047,887.7799897907096,0.0,149.0,149,14.417224270920368,1,,2078.579510703364,2094.0,854.0,3089.0,1359391.0,505.52371728463856,0.8337975768514626,3.739076372264276,-0.23604945416021533,0.020722525715997787,16.49668327607127,12.917044517219606,1.5905698979764675,1.2771252165369311,653.0,96.1062637869417,0.8884227217721741,0.9775449101796407,3.7609287282609505
ID2489,2489,0,648.0,531.3089743589743,888.2984615384615,0.0,150.0,150,14.384068479378982,1,,2102.3456790123455,2110.0,955.0,3202.0,1362320.0,487.8762204103488,0.8323209001224346,3.9148374701553386,-0.5321374558881174,0.1222868146676446,16.254092360939687,13.310296063648996,1.4956632888198444,1.2211668533302071,650.0000000000001,98.2160688714264,0.8467556943607709,0.9723261032161558,3.8523511671059696
ID2493,2493,0,662.0,531.4161014820396,886.3512936448129,0.0,151.0,151,14.532673858686334,1,,2143.730421686747,2152.0,858.0,3310.0,1423437.0,508.94011468943336,0.8411905934742037,3.8488336733183477,0.06539976436880673,0.09039013164188923,16.61993426688479,12.969903716727865,1.6399624177744703,1.2814231030450378,663.5,97.99952780123954,0.8681661028777005,0.9650909090909091,3.8045519575883477
ID2481,2481,0,658.0,532.6516071880536,886.1221209820299,0.0,152.0,152,14.477812681894532,1,,2135.402124430956,2143.0,909.0,3262.0,1407230.0,504.21499135099003,0.8384801300432116,3.8630270302737837,-0.16648501326993542,0.0438176653269843,16.457323565948702,13.065158309995095,-1.5156074416939267,1.259634454896619,658.5,95.83723884338724,0.9009424655554442,0.9784546805349185,3.734705860577689
ID2506,2506,0,662.0,533.4734647460197,884.7676269901441,0.0,153.0,153,14.488801535607076,1,,2141.2776934749622,2155.0,993.0,3274.0,1411102.0,501.9766796404777,0.8386084283528212,3.8912525939320113,-0.17578993991748113,0.0979017502403672,16.463692052975105,13.099820438561093,1.5861241818467486,1.2567876124860462,659.5,98.25884596967694,0.858383469752831,0.967008797653959,3.8261699734982524
ID2502,2502,0,657.0,533.1092479674797,884.3767784552845,0.0,154.0,154,14.450303987687136,1,,2156.3963414634145,2175.0,840.0,3283.0,1414596.0,504.5143397461517,0.8376269949939932,3.8965331070168023,-0.022367099851187597,0.0973568901392252,16.327088448598598,12.862602740556724,1.6116830028441391,1.26934561985018,656.0000000000001,100.94904863804747,0.8089268345895991,0.9507246376811598,3.941398171219934
ID2497,2497,0,662.0,532.4646350639579,884.0109104589917,0.0,155.0,155,14.543621260508983,1,,2135.3093093093094,2154.0,732.0,3345.0,1422116.0,512.1849118073778,0.8415679272043176,3.8103550181931247,-0.1136123480317065,0.05332269582080398,16.660078508462004,12.976909077456954,-1.5165555185046418,1.2838248622241892,664.5,97.90767269884097,0.8711067812905621,0.9651416122004359,3.798124834017847
ID2509,2509,0,668.0,532.3964834076276,884.8439821693908,0.0,156.0,156,14.63634358033765,1,,2181.704747774481,2194.0,811.0,3471.0,1470469.0,545.6679920705385,0.84606709047841,3.6648382805194313,-0.11003115117547434,0.0443733259100816,16.592780377466365,13.148812149238601,1.6022551479733997,1.2619223842533327,673.0,97.28693414191413,0.8935438979811412,0.9697406340057637,3.7501357191355504
ID2522,2522,0,686.0,532.2869765190027,884.2952069716775,0.0,157.0,157,14.803930445578967,1,,2265.0566860465115,2270.0,907.0,3529.0,1558359.0,596.4604070350957,0.8559556121215519,3.5027658660871017,-0.29350776301155485,0.05721841806479398,16.556458363794306,13.675691434363976,1.6134029417761233,1.2106487224617837,688.5,99.70394305372183,0.8703403946792617,0.972457627118644,3.799796703742792
ID2514,2514,0,684.0,532.2630610743194,882.809050772627,0.0,158.0,158,14.706854444845973,1,,2240.1165191740415,2238.0,902.0,3748.0,1518799.0,569.7886645914223,0.8509725562957781,3.6149506590895686,-0.28389531208917945,0.08266214407358649,16.630987188353433,13.532259779187687,-1.46503844082065,1.2289881704703542,679.5,97.78840266441075,0.8929448169612338,0.9791066282420747,3.7513935003530947
ID2518,2518,0,659.0,532.8072597137015,883.4307259713702,0.0,159.0,159,14.40618081907316,1,,2212.4984615384615,2221.0,1001.0,3464.0,1438124.0,518.322921545218,0.8371920358317598,3.890299992574518,-0.04840151037224055,0.26840323013053696,16.795780629387025,12.729691294583484,1.6437872182476536,1.3194177486875642,651.9999999999998,97.09845477788302,0.8690261048995774,0.9775112443778106,3.802668969123
ID2526,2526,0,660.0,533.5586606243705,884.0936555891238,0.0,160.0,160,14.516237276018515,1,,2147.5763993948563,2171.0,832.0,3222.0,1419548.0,533.8614724868279,0.8408038589834531,3.6748297071307925,-0.034570669966362474,0.1558555837010842,16.758698571192674,12.979660019744799,-1.5540757912662706,1.2911508117854522,662.0000000000001,99.26476849543421,0.8442626669726188,0.9657184536834431,3.858034787770028
ID2530,2530,0,677.0,533.7121435594887,882.5990658800392,0.0,161.0,161,14.690612745308144,1,,2166.5937961595273,2173.0,955.0,3498.0,1466784.0,547.5213098632371,0.8475292247258708,3.6305283276744786,-0.5114742459605502,0.04589964077157076,16.631433979101224,13.72268169369497,1.5495108756496345,1.2119667533163516,678.0,98.49626119744698,0.8782134151533245,0.9783549783549785,3.7827261224176407
ID2534,2534,0,664.0,533.4075333837238,883.3337112622827,0.0,162.0,162,14.510754277796089,1,,2190.3298033282904,2172.0,935.0,3562.0,1447808.0,537.9447252539964,0.8426716376297838,3.724022363488714,-0.3827992222608174,0.13831330619466853,16.76815089870052,13.334086231696118,1.5611937583052522,1.2575403073996456,661.4999999999999,97.5071974633795,0.8743118490193986,0.9785502958579878,3.79115682593781
ID2550,2550,0,667.0,534.5187687687687,882.0890890890892,0.0,163.0,163,14.560026929865362,1,,2195.6345864661653,2189.0,1047.0,3571.0,1460097.0,557.0851476693505,0.8443149085553053,3.608592648646393,-0.12599774948908588,-0.030857053043976446,16.656753926149694,13.320552987425497,1.4434953709068241,1.250455138151813,666.0,97.4780943369869,0.8807852489211839,0.9687272727272728,3.7771994319739965
ID2538,2538,0,675.0,534.6643227239082,883.028003947693,0.0,164.0,164,14.663503268903735,1,,2209.449704142012,2189.0,945.0,3636.0,1493588.0,574.4584945068035,0.8495989098142153,3.5333921950083966,-0.14894976289683587,0.17642040720019925,16.75715963817995,13.255308517946661,1.4837811326954429,1.264184806826039,675.4999999999998,97.72341980162572,0.8888692949936624,0.9733429394812677,3.759983853085315
ID2542,2542,0,678.0,533.5880549423596,881.9623497669854,0.0,165.0,165,14.706854444845973,1,,2233.5720588235295,2230.0,904.0,3768.0,1518829.0,593.1411458945039,0.8530593916940141,3.467063864895615,0.008667261081370883,0.19401301552618969,16.768593088214928,13.235687637260614,1.459305326205134,1.266922697768162,679.5,101.70296683304345,0.8255285183189042,0.9536842105263158,3.9015654039613366
ID2546,2546,0,680.0,533.6156762044509,882.8565663976523,0.0,166.0,166,14.728482183655359,1,,2250.9559471365637,2245.0,818.0,3785.0,1532901.0,591.1158698477842,0.8529043316938537,3.5056753558555034,-0.03423183481847133,0.1167425041288733,16.896104162850573,13.13902265391037,1.4716062201757216,1.2859483241565186,681.5,98.96165488595291,0.8744637799987734,0.9632508833922262,3.790827470278116
ID2558,2558,0,673.0,532.3671121009651,882.2579806978471,0.0,167.0,167,14.641779548428634,1,,2222.563338301043,2201.0,703.0,3767.0,1491340.0,576.5285498077835,0.8470677324500238,3.5358891414387985,0.062015450272895324,0.026584596692681685,16.607735810156118,13.105018827859311,1.4232081317686427,1.2672805761141337,673.4999999999999,99.21561311505285,0.8597801675503114,0.9642090193271292,3.8230609373451743
ID2556,2556,0,674.0,533.6672853254146,881.7620638455828,0.0,168.0,168,14.641779548428634,1,,2260.392592592593,2235.0,828.0,3718.0,1525765.0,597.2312240329419,0.8508175558445807,3.479719190085961,-0.1187757040451437,-0.10440682774210727,16.546051705890914,13.223303100806143,1.4488144787783663,1.2512797732725496,673.5,97.97547114425174,0.8816835599030445,0.9697624190064796,3.775274725311852
ID2561,2561,0,675.0,532.7055843834939,880.9319248826291,0.0,169.0,169,14.652645434561187,1,,2230.4562962962964,2210.0,827.0,3600.0,1505558.0,583.6224841005411,0.8502895891315216,3.5125204013592466,-0.026443366041698432,0.08122434091493398,17.01555956890455,12.953869375788182,1.48771089757338,1.3135503435527913,674.5,97.62767908377893,0.889295077229419,0.9803779069767442,3.75908363107544
ID2565,2565,0,679.0,532.1910331384016,882.1659356725146,0.0,170.0,170,14.755472278097805,1,,2231.0482456140353,2234.0,1008.0,3676.0,1526037.0,594.3646821726493,0.854008779820061,3.4580917468250663,0.015728168998090482,0.16981777393505365,16.95198316633662,13.3254482134328,1.5286488439397983,1.2721510672525125,684.0000000000001,98.49425127892457,0.8860213752915095,0.9750534568781186,3.766021823197666
ID2569,2569,0,671.0,533.3565400843883,880.4036981881361,0.0,171.0,171,14.62002354896925,1,,2206.6820208023773,2188.0,973.0,3770.0,1485097.0,570.0422916020862,0.8477119786912447,3.5520307811523195,-0.11797089981442152,0.2486250360477413,16.619321595016405,13.399410467495889,1.4984941398552134,1.2403024472853739,671.5,98.88768512753626,0.8629218381214723,0.9647988505747126,3.8160952137481186
ID2573,2573,0,685.0,533.002303030303,880.8932121212122,0.0,172.0,172,14.793175681757994,1,,2251.791848617176,2206.0,850.0,3741.0,1546981.0,620.8758898556233,0.8565435346637407,3.3465533021434064,-0.02865372003083764,0.1187375578322244,16.80650106825082,13.38008915035531,1.4950384843963993,1.2560828914809228,687.5,97.39285220267723,0.910811273415077,0.9821428571428571,3.714417641407117
ID2584,2584,0,684.0,532.3783454987835,879.7744525547445,0.0,173.0,173,14.766254502611577,1,,2272.972303206997,2292.0,922.0,3869.0,1559259.0,626.4426415669463,0.857038902016083,3.3490556268591876,-0.006681927956269804,0.012880212527189334,16.61088356886496,13.222803074357682,1.4401811960599482,1.2562301257497823,685.0000000000002,100.12949077597945,0.8585714058913463,0.9681978798586577,3.825751187733999
ID2579,2579,0,679.0,531.1288381233112,880.1288381233112,0.0,174.0,174,14.696028639591784,1,,2304.8328402366865,2283.0,902.0,3929.0,1558067.0,626.082226419533,0.8547593543836227,3.393081929724936,-0.09342424856309126,0.3250853391229999,16.743308525278586,13.305097941967736,1.4666793201548143,1.25841302321164,678.5,99.11162300486367,0.8679816423504766,0.9692857142857143,3.804956201378871
ID2589,2589,0,683.0,529.8625644804716,879.1190125276345,0.0,175.0,175,14.696028639591784,1,,2345.2218934911243,2323.0,918.0,4049.0,1585370.0,647.3349453189408,0.8555801003389891,3.3409182714472836,-0.21153568649970916,0.01483756771861676,17.024651710370684,13.387326030970017,1.4348630226701191,1.271699193026758,678.4999999999999,101.45534649818681,0.8283422992265749,0.963094393186657,3.894933188636961
ID2612,2612,0,687.0,529.4082725060828,878.9226277372263,0.0,176.0,176,14.766254502611575,1,,2293.3182481751824,2263.0,957.0,4084.0,1570923.0,637.223918686857,0.857597851377625,3.3230298132129388,0.008199898701668628,0.29385154522131035,16.93996660676487,13.080879025528724,1.4609888692004371,1.2950174505631256,685.0,99.18305175915292,0.8750351554686312,0.9709425939050319,3.789589611711978
ID2594,2594,0,688.0,527.3454633672974,877.716885007278,0.0,177.0,177,14.787795366729423,1,,2370.5633187772924,2372.0,811.0,4087.0,1628577.0,637.0125415780644,0.8591712029684685,3.439488812425237,-0.010502681235622284,0.16789400371086646,17.144219064556538,13.135856058649592,1.4843122087376512,1.305146690707497,687.0,99.69634741444533,0.8685765628870524,0.9689703808180536,3.803652899845914
ID2599,2599,0,691.0,527.3955007256894,877.2148040638607,0.0,178.0,178,14.80930489863153,1,,2351.21884057971,2333.0,976.0,4037.0,1622341.0,654.8066599452613,0.8604981010395936,3.32147238517668,0.034788396515546605,0.2563239643041568,16.91688759645621,13.237855654097086,1.5322815843443722,1.2779175146256012,689.0000000000001,102.22268432365044,0.8285801476559626,0.9596100278551535,3.89437411765514
ID2618,2618,0,698.0,527.9480133238163,876.425291458482,0.0,179.0,179,14.93238344242959,1,,2345.257510729614,2366.0,893.0,4065.0,1639335.0,653.053620321046,0.8625464870777032,3.3261901983097766,-0.24418778710646377,-0.0672836157166872,16.710470931588272,13.716742089804601,-1.5564553294607404,1.2182536364818621,700.4999999999999,99.4626580080723,0.8898112282013667,0.9797202797202795,3.7579932109616947
ID2608,2608,0,680.0,527.6776637341154,876.9396383186706,0.0,180.0,180,14.733884157863644,1,,2326.245973645681,2307.0,1000.0,3902.0,1588826.0,627.829728626524,0.8563744460859608,3.4185494930860343,-0.3091317703191387,0.0806379830868652,16.55814134203693,13.610253785160053,1.538800718454127,1.216593136572597,682.0,98.53424919536224,0.8827135947005791,0.9777777777777777,3.773071406228762
ID2626,2626,0,695.0,525.9587529976019,877.0570743405275,0.0,181.0,181,14.873646859386389,1,,2344.6517985611513,2339.0,914.0,3872.0,1629533.0,627.6525633282511,0.8597703896794956,3.4539194047796618,-0.02331398636945462,0.04008338350557815,16.61967544116238,13.684383892225627,-1.2782676200890895,1.2144993572275,695.0000000000001,98.6602119877086,0.8972440355894146,0.9693165969316602,3.742395153005203
ID2603,2603,0,699.0,524.9558017631641,876.878365499166,0.0,182.0,182,14.921721260818458,1,,2368.7165242165242,2381.0,798.0,4092.0,1662839.0,643.051610031813,0.8634656518157634,3.413665237782386,-0.3808754937262759,-0.18330216134825206,16.375915271934396,14.113495003626564,1.8216105617317373,1.1603019144249165,699.5,99.33796311054611,0.8907730752469782,0.9790062981105668,3.75596374293533
ID2622,2622,0,698.0,524.9233716475096,878.1592432950192,0.0,183.0,183,14.884343478431232,1,,2385.94683908046,2388.0,940.0,4095.0,1660619.0,650.0892434950606,0.8628562511685639,3.399984089896195,-0.0591126795447763,-0.011436524823167189,16.59842081470197,13.829125112937001,1.874146954868688,1.2002509688175662,696.0,100.50892122774566,0.8657846471545203,0.96,3.809780827249005
ID2636,2636,0,693.0,523.6810551558752,878.2575539568345,0.0,184.0,184,14.873646859386385,1,,2375.0690647482015,2388.0,940.0,4030.0,1650673.0,634.6977595231043,0.860751888174952,3.46201375557358,-0.1654848601674731,-0.11351439025912335,16.639557294977262,13.574177229858526,1.814254546392474,1.2258243732353777,694.9999999999999,100.29980470386946,0.868149448754421,0.9632709632709628,3.804588449677092
ID2641,2641,0,685.0,524.1423535132507,878.8744225626064,0.0,185.0,185,14.771642663528944,1,,2372.67638483965,2389.0,980.0,4031.0,1627656.0,611.4594103035863,0.8573056993803045,3.5822277165368006,-0.04064680686665085,0.07224091866159782,16.57219042974306,13.271120892004808,-1.272302997401359,1.248740823371369,685.4999999999998,98.98202941406699,0.8792342865576299,0.9695898161244696,3.78052943913368
ID2630,2630,0,705.0,523.7699198491277,878.0841584158416,0.0,186.0,186,15.001502909106808,1,,2353.2881355932204,2372.0,892.0,4095.0,1666128.0,650.744986217151,0.8648355050586265,3.354186849402635,-0.029415515455596793,-0.04452591888473953,16.640786964510013,13.818081724754935,-1.2763292944020093,1.2042762009938206,707.0,100.55754996600746,0.8786176250158665,0.9665071770334929,3.781855896815766
ID2646,2646,0,697.0,524.009635974304,878.121698786581,0.0,187.0,187,14.93238344242959,1,,2370.69757489301,2386.0,792.0,4028.0,1661859.0,647.4981896123364,0.8628713685579381,3.391804276493976,-0.308696916321578,-0.006021453006363389,16.987475151126883,13.72636991682994,1.850657387328153,1.2375795825157307,700.5,99.12314905977594,0.8959170922703733,0.9742698191933241,3.7451655593755597
ID2651,2651,0,715.0,521.2539571694599,876.4706703910615,0.0,188.0,188,15.09668435477122,1,,2363.4407252440724,2408.0,749.0,4095.0,1694587.0,701.1908791943857,0.8667831349932967,3.130077105832437,-0.048893896569375005,0.03416078956516894,16.685055080384917,13.88588102079796,-1.2729228246469362,1.2015841886729706,716.0,100.40458951274003,0.892515478115539,0.973487423521414,3.7522956837587444
ID2656,2656,0,695.0,522.0120842306773,877.4789423307012,0.0,189.0,189,14.889688906320716,1,,2394.348637015782,2415.0,936.0,4095.0,1668861.0,661.7231058341815,0.8608643234341151,3.347812171231089,-0.014891784999740136,0.037930198600539776,16.710296879691434,13.391893997437476,-1.2824743690349103,1.2477919017943937,696.4999999999999,100.40714872507995,0.8681638853484656,0.9680333564975677,3.8045568165210604
ID2674,2674,0,699.0,521.963122605364,877.7646072796935,0.0,190.0,190,14.884343478431232,1,,2397.2086330935253,2387.0,864.0,4095.0,1666060.0,657.2209313945458,0.860841961475356,3.374724930723544,-0.3419004294022656,-0.04539543684823273,16.710751927962235,13.873055519194835,2.0066369860615945,1.2045473259182988,696.0000000000001,100.84269753969843,0.8600628611868824,0.9586776859504132,3.8224325857032238
ID2676,2676,0,706.0,519.2540636042403,874.4521790341578,0.0,191.0,191,15.006806604838749,1,,2351.206506364922,2400.0,664.0,4095.0,1662303.0,717.5006152834375,0.8569569265998664,3.0245143963673473,-0.02607090699489703,-0.010577149385187334,16.68359124244167,13.652705370369517,-0.9479925756264511,1.221998921814433,707.5,101.07988986787956,0.8701753730371229,0.9691780821917809,3.8001569868451583
ID2662,2662,0,698.0,518.7945791726106,875.8390394674275,0.0,192.0,192,14.93771167933152,1,,2390.1724137931033,2410.0,876.0,4095.0,1663560.0,677.6153800824166,0.860045466892045,3.2619238747577173,-0.2221288730157935,-0.05159976831543129,16.55206540075704,13.904588183574143,2.035876213447318,1.1904031375996043,701.0,102.2716263997104,0.8422044989409927,0.9524456521739131,3.862746017988915
ID2687,2687,0,701.0,518.819553338085,875.6021620337372,0.0,193.0,193,14.943038016344907,1,,2402.1794871794873,2444.0,911.0,4095.0,1686330.0,694.4116069478753,0.8608437619529007,3.200611078777266,-0.21977565917676586,-0.20234533787292683,16.45170342321499,13.990241376168576,2.0348012255536023,1.1759413566115697,701.4999999999999,99.91502427567066,0.8830309849227532,0.9682539682539681,3.7723932626414505
ID2667,2667,0,701.0,519.7170101871594,876.1647713811892,0.0,194.0,194,14.964324406076498,1,,2381.9971671388103,2428.0,927.0,4095.0,1681690.0,661.8381688102395,0.8634380397801907,3.3353057169548457,-0.38979168497493155,-0.30337589038966867,16.455853991014433,14.24331580633747,-1.1172086739505644,1.1553387016590975,703.4999999999999,100.08477802216822,0.8825471264089764,0.9710144927536231,3.773427232629861
ID2697,2697,0,698.0,522.357551896922,877.9383202099737,0.0,195.0,195,14.91105145519181,1,,2415.834532374101,2400.0,744.0,4095.0,1679005.0,659.1794545286252,0.8613573091536286,3.391931804943091,-0.15353032906477923,0.06074007170028953,16.939248431915235,13.710351588225643,2.0057033032897023,1.2355079534548585,698.5,100.55130800345152,0.8681621061015119,0.9641131815044859,3.804560715126292
ID2682,2682,0,705.0,522.66536735176,877.293527049374,0.0,196.0,196,14.985580559413249,1,,2391.493617021277,2381.0,893.0,4095.0,1686003.0,660.2704660837821,0.8650750904173388,3.3599656313088335,-0.05310521326135976,0.08585469728852503,16.905035680133818,13.752245200837644,2.0448707856285577,1.2292564183704446,705.5,101.73719186658549,0.8565394886467459,0.9684282772820865,3.830286299750436
ID2692,2692,0,703.0,521.3776431456404,877.8492516037063,0.0,197.0,197,14.943038016344907,1,,2414.845714285714,2436.0,902.0,4095.0,1690392.0,672.7139462023086,0.8630681187288723,3.325870180198793,-0.2736327231236069,-0.09686850307091957,16.690779251091268,13.943917093516413,2.05136816913503,1.1969935807243202,701.5,99.24245872572467,0.8950401318788646,0.9749826268241835,3.7469998669264997
ID2708,2708,0,697.0,520.6404011461318,877.6427889207258,0.0,198.0,198,14.905713688256792,1,,2397.343347639485,2393.0,910.0,4095.0,1675743.0,653.3483951893611,0.8627045148611262,3.398861820040276,-0.16544086256415433,0.024995804110692466,16.822880358203452,13.71920593683742,1.9421921627920065,1.226228430104133,698.0,101.06312089725387,0.8587759545212375,0.9601100412654745,3.8252955399230193
ID2702,2702,0,699.0,520.2290184921764,878.5732574679943,0.0,199.0,199,14.959005648344574,1,,2441.065527065527,2467.0,817.0,4095.0,1713628.0,691.9690989713176,0.8645842990490743,3.2715085080866357,-0.10447764721685464,-0.03783191843252383,16.65424983272244,13.763898978933733,2.038011940413562,1.2099950644953525,703.0,98.71661140975642,0.9065352807264628,0.9777468706536857,3.7231675145920944
ID2712,2712,0,699.0,520.4161320978856,879.643739605607,0.0,200.0,200,14.943038016344907,1,,2430.167142857143,2434.0,962.0,4095.0,1701117.0,666.3755524382552,0.8650965203074074,3.383064968632373,0.0872948403864663,0.03958863919349519,16.81756966690086,13.840929351803721,2.0138864331704793,1.215060726013259,701.5,98.13218277776897,0.9154078265764781,0.9831814996496145,3.7050802703882963
ID2717,2717,0,696.0,520.8419913419914,879.8256373256372,0.0,201.0,201,14.85223051010746,1,,2425.4106628242075,2397.0,903.0,4095.0,1683235.0,663.0946577950887,0.8623863675572588,3.387441842988088,-0.11881036307353646,0.020939612326393117,16.726084765342033,13.600156294031306,1.9141836577316462,1.229845040286971,693.0,100.75455722322351,0.8578546328610951,0.9658536585365853,3.8273491406980433
ID2722,2722,0,708.0,521.2158741424178,881.6684409746865,0.0,202.0,202,14.974956254242633,1,,2427.5730496453903,2428.0,844.0,4095.0,1711439.0,687.3929921763107,0.8673653359865543,3.2807260855643006,-0.02584366393413879,0.014661467254194621,16.685949858001894,13.721348857338304,1.9086251854165215,1.2160575488231316,704.5,99.08770958581854,0.9016776021802094,0.9723947550034506,3.733183099622442
ID2727,2727,0,693.0,522.105495818399,882.0094384707288,0.0,203.0,203,14.900374009171514,1,,2476.61262553802,2451.0,858.0,4088.0,1726199.0,694.0061253506881,0.8665032835505101,3.3133417216175443,-0.05029219261499711,0.04922961658663827,16.81578323737057,13.455749716084725,2.001752660446064,1.2497098706636414,697.5,99.61418588696353,0.8833070486126602,0.9762071378586424,3.771803715559192
ID2738,2738,0,700.0,520.8963254593176,880.7328799809114,0.0,204.0,204,14.91105145519181,1,,2454.2664756446993,2432.0,974.0,4095.0,1713078.0,686.5109219539208,0.8656335967744592,3.317508235219375,-0.1388114122221865,0.04212465840434334,16.758491284175896,13.604102775600994,-1.0583043341006046,1.2318703820903434,698.5,101.68511355924811,0.8489097439457775,0.9548872180451128,3.847460525798348
ID2732,2732,0,695.0,519.8567335243553,880.529847182426,0.0,205.0,205,14.905713688256792,1,,2464.008583690987,2455.0,951.0,4095.0,1722342.0,689.4318327980019,0.8657589371406553,3.316823279431273,-0.13289963418290238,0.18875740277283512,16.80700718614692,13.551009370237315,1.9644175152746368,1.2402771429751127,698.0,99.03871763482344,0.8942424246382034,0.9680998613037448,3.748670746407553
ID2760,2760,0,691.0,519.4057918769527,881.3952174957943,0.0,206.0,206,14.857587491529666,1,,2478.0951008645534,2462.0,949.0,4095.0,1719798.0,702.2883989300826,0.8651126252228967,3.2734073899074922,-0.3304087743455313,-0.057970411800185404,16.462705370574483,13.803693799229505,1.8805906305657016,1.1926304371872838,693.4999999999999,99.91228550544417,0.8730086406607469,0.9625260235947256,3.7939854490345355
ID2749,2749,0,698.0,516.6282420749279,880.8201248799231,0.0,207.0,207,14.86294254216004,1,,2459.1125541125543,2472.0,926.0,4095.0,1704165.0,709.1006161646293,0.8614941318898476,3.209897702584277,0.01179060793251564,0.0698823458904857,16.623011210741364,13.309819322664291,-1.1921205649974098,1.2489283894662107,694.0,99.30068647478119,0.884432784555854,0.9699510831586303,3.769402511601922
ID2755,2755,0,693.0,515.8732462506048,879.530237058539,0.0,208.0,208,14.809304898631527,1,,2465.6502177068214,2494.0,903.0,4095.0,1698833.0,698.1302652801252,0.8599678401901599,3.2658916456009797,-0.14032678327320514,-0.22608921122963138,16.585437412370407,13.603496701135828,1.9393610304915954,1.2192039867944835,688.9999999999999,99.2762769661883,0.8784926290932313,0.9663394109396913,3.7821249370658325
ID2743,2743,0,687.0,515.466447848286,880.5474106491612,0.0,209.0,209,14.771642663528946,1,,2478.9126637554587,2475.0,926.0,4095.0,1703013.0,696.0115535968284,0.8602892331519991,3.2941152380101437,0.01513254063020117,0.04948922954432908,16.673839969913974,13.37230442139749,-1.2780709540084048,1.2468935379031292,685.5,98.36347461372937,0.8903271153682342,0.9661733615221987,3.756904295799717
ID2765,2765,0,699.0,514.9220468675276,879.8220946915352,0.0,210.0,210,14.895032415879532,1,,2461.2183908045977,2473.0,949.0,4095.0,1713008.0,710.2088200410985,0.8623981141648696,3.2094407366926117,-0.18368821686432577,-0.0045302487194594935,16.821963181268075,13.641837390198459,1.8783850175112091,1.2331156500483218,696.9999999999999,99.85274923568677,0.8784612087602439,0.9768745620182199,3.7821925749769574
ID2781,2781,0,702.0,515.214556661925,879.7652916073969,0.0,211.0,211,14.959005648344574,1,,2446.228693181818,2471.0,837.0,4095.0,1722145.0,705.7952549678502,0.8653171887617113,3.215666162840437,-0.16987485396301452,-4.93633768818396E-4,16.79938867602591,13.666597802025246,1.9321759305012873,1.229229755596994,703.0000000000001,99.05568587666086,0.900339636978325,0.9750346740638004,3.735955950319148
ID2770,2770,0,698.0,514.8628571428571,879.3085714285714,0.0,212.0,212,14.927053303604616,1,,2462.4515669515667,2494.0,934.0,4095.0,1728641.0,710.5626609125565,0.8650565161356211,3.214754374788476,-0.12285673836458684,-0.16869753469264404,16.991780131044568,13.51370981109664,1.8492395602335643,1.2573734650637494,700.0,98.79320735241558,0.9012675480513859,0.975609756097561,3.7340322553847067
ID2775,2775,0,696.0,513.8629205440229,879.1826533047006,0.0,213.0,213,14.91105145519181,1,,2437.4821173104433,2457.0,797.0,4095.0,1703800.0,718.068244402703,0.8645040751061943,3.1478165953460753,-0.09146148351294828,0.21912157599617718,16.925198308618086,13.52132814830581,1.88555112183994,1.2517408144361004,698.5,99.55676357339779,0.8855941408085286,0.9714881780250347,3.766930128879714
ID2786,2786,0,696.0,514.273715651135,879.1442054958185,0.0,214.0,214,14.900374009171514,1,,2439.4240687679085,2462.0,883.0,4095.0,1702718.0,721.6815495300252,0.8625398262496298,3.1307276359666742,-0.2503524737760475,-0.010254979206271874,16.682860959394368,13.79829541240224,1.980132793253509,1.2090523112296474,697.4999999999999,97.95554595009571,0.9134736347815816,0.9844742413549753,3.7090007701659338
ID2791,2791,0,688.0,515.1526162790698,879.0646802325581,0.0,215.0,215,14.798554040663838,1,,2451.5394736842104,2443.0,859.0,4095.0,1676853.0,695.0427459117353,0.8588525500435854,3.2593503006657376,-0.10471116468881132,0.07423671990347704,16.710015325032625,13.455575979928808,1.977207046086514,1.2418654801517486,688.0,99.4391252816629,0.8743467730288385,0.966971187631764,3.791081110144589
ID2797,2797,0,696.0,514.9326900166786,879.964379318561,0.0,216.0,216,14.921721260818458,1,,2443.381088825215,2471.0,794.0,4095.0,1705480.0,703.6677947180378,0.8630350959117494,3.2170732520744467,-0.018594398847639543,-0.05926572591176768,17.130303783116517,13.346604513139827,1.9999642894485874,1.2834952714940802,699.5,99.93842160448587,0.8801011951386922,0.9715277777777778,3.778667050530489
ID2803,2803,0,696.0,514.6220556745182,880.6962883654533,0.0,217.0,217,14.93238344242959,1,,2438.1457142857143,2436.0,884.0,4095.0,1706702.0,703.3375239423289,0.863870169098747,3.213354830739162,-0.060132420975424566,0.04310903789537194,16.666212453543515,13.696348825126018,-1.1459501198239999,1.2168361558497451,700.5,101.19919345188676,0.8595356639290509,0.9648760330578512,3.8236046528750953
ID2809,2809,0,699.0,514.2853067047075,880.3737517831669,0.0,218.0,218,14.93771167933152,1,,2436.8685714285716,2439.0,925.0,4095.0,1705808.0,686.7731349761684,0.8647895042811677,3.2910114874394703,-0.3214183116017013,-0.15201327773275294,16.743272558837138,13.865184240252743,2.007245115125208,1.2075766371880488,701.0,99.66031669181048,0.8869177696296758,0.9790502793296091,3.764118211518881
ID2822,2822,0,692.0,511.58171579199615,882.1901509705248,0.0,219.0,219,14.878996130143538,1,,2455.832137733142,2466.0,861.0,4095.0,1711715.0,718.4847775126532,0.8641842694422531,3.169046564571125,-0.11090656881477046,0.1684134961974465,16.75478307796171,13.446262846263764,1.9623715690189083,1.2460550020124936,695.4999999999999,99.42033316210714,0.8842123368746745,0.9740896358543414,3.7698723672137477
ID2827,2827,0,687.0,513.2211724806202,882.3355135658916,0.0,220.0,220,14.798554040663838,1,,2477.0218023255816,2489.0,1004.0,4095.0,1704191.0,694.4379008006133,0.8604974229625364,3.299490714406197,-0.04323139570222876,0.032269862274881926,16.617155561999688,13.418784087404603,-1.1263084134164625,1.2383503195045222,688.0000000000001,99.59005875065151,0.8716985530925883,0.9588850174216029,3.7968353947036144
ID2815,2815,0,684.0,513.4723039215687,882.9355392156862,0.0,221.0,221,14.712264360219255,1,,2430.911894273128,2426.0,946.0,4095.0,1655451.0,684.5677110772132,0.8555336109381595,3.2745456851406156,-0.06960440214479949,0.0131511975378904,16.383219361736533,13.525001420243713,1.9906978018315469,1.211328476255444,680.0000000000001,98.72725173364599,0.876687231326858,0.9707351891506071,3.786017276241366
ID2841,2841,0,698.0,513.1154949784792,883.8931133428981,0.0,222.0,222,14.895032415879532,1,,2479.322857142857,2509.0,835.0,4095.0,1735526.0,728.0428553256189,0.8657813520068781,3.160484136997241,-0.001963300930886442,0.027871060075134624,16.678261764712545,13.517816153094216,-1.2088588540287462,1.2337985348983243,696.9999999999999,99.68450257788064,0.881429029932106,0.9714285714285714,3.7758197783860785
ID2834,2834,0,689.0,513.6480406386066,883.6052249637155,0.0,223.0,223,14.80930489863153,1,,2482.9288824383166,2508.0,1001.0,4095.0,1710738.0,710.6220963566287,0.8613146310202784,3.2336841801585097,-0.08905180699501669,0.1636717674156921,16.726088952578426,13.430632908616868,1.9115541549373165,1.2453686335099852,689.0000000000001,98.56882864059227,0.8911481190862757,0.9711064129668783,3.7551733023380964
ID2848,2848,0,693.0,512.9777376654632,884.4766546329723,0.0,224.0,224,14.846871595803446,1,,2450.21997105644,2464.0,863.0,4095.0,1693102.0,703.7211183502831,0.8614065920146021,3.2225631018950924,-0.09362548340688902,0.006593733974275692,16.55592913173936,13.50321395541939,1.9111301617979406,1.2260732286697413,692.5000000000002,98.49543210528091,0.8970103665813146,0.9808781869688389,3.7428825636602094
ID2862,2862,0,687.0,513.0777290448343,884.3976608187135,0.0,225.0,225,14.755472278097805,1,,2495.8554744525545,2507.0,947.0,4095.0,1709661.0,714.9487965675636,0.8596039672166217,3.2273973400054303,-0.11807198854407397,-0.20923038195505378,16.617208547259924,13.594923201519391,-1.2147023169323954,1.2223098505920766,684.0000000000001,98.26464044458866,0.8901668703800972,0.96678445229682,3.7572424335203656
ID2855,2855,0,701.0,513.2207854406131,884.6084770114943,0.0,226.0,226,14.884343478431232,1,,2466.3931133428982,2461.0,830.0,4095.0,1719076.0,721.7810310157192,0.8637960465886442,3.1673762530355813,-0.5632295759223466,-0.34133732191619715,16.821882363125166,14.095781874625429,1.7724659156892115,1.1933983167976752,696.0000000000001,97.84784034385565,0.9135169596964705,0.9865343727852588,3.7089128166548933
ID2882,2882,0,692.0,514.0097897026831,884.7393038433647,0.0,227.0,227,14.814677401945804,1,,2497.589519650655,2493.0,945.0,4095.0,1715844.0,718.4612203437391,0.8611154493998966,3.21688691471793,-0.15137841597605764,0.008852181082895844,16.76188782742576,13.4679463796019,1.960542210154425,1.2445763708127584,689.5,100.40074411459743,0.8595482716504056,0.9556479556479557,3.8235766107508784
ID2876,2876,0,694.0,514.0154589371981,885.7352657004832,0.0,228.0,228,14.820047957642231,1,,2525.117903930131,2522.0,788.0,4095.0,1734756.0,708.2013264118191,0.8622511406980012,3.3017976162255267,-0.08738549914766844,-0.05892718600398853,16.519891687529718,13.52451091191435,1.9944271970814023,1.221477936993389,690.0000000000002,98.74966948463549,0.8891758388822618,0.9684210526315793,3.7593356689028368
ID2869,2869,0,694.0,513.4189514189513,886.53848003848,0.0,229.0,229,14.85223051010746,1,,2489.770893371758,2509.0,1003.0,4095.0,1727901.0,736.1565299662151,0.8631500914079986,3.1337019735928684,-0.21555677095217002,-0.1258390710466037,16.444637222969792,13.916229884023847,2.038287924623133,1.1816876668478016,693.0,99.68164626823746,0.876420838016444,0.9625,3.7865926237246863
ID2889,2889,0,693.0,512.8732275895218,886.455058880077,0.0,230.0,230,14.857587491529667,1,,2487.5619596541787,2515.0,961.0,4095.0,1726368.0,719.0199968677658,0.8633685051643315,3.205976871407947,-0.26473704222219235,0.03616635951659428,16.864913500909037,13.591030740680832,2.064595373242107,1.2408855386095758,693.5,98.98925536524759,0.8893653696340049,0.9747013352073082,3.7589350755673467
ID2895,2895,0,693.0,512.6646179802361,885.6595565196434,0.0,231.0,231,14.836147960171175,1,,2488.5823699421967,2519.0,850.0,4095.0,1722099.0,723.3803549469487,0.8625142944317156,3.1862657279528905,-0.3120927053532247,-0.3173246857578781,16.82132739371501,13.890527840673277,2.064236675774068,1.2109926697285014,691.5000000000002,99.52282460139581,0.877317235822852,0.9746300211416493,3.7846576561582133
ID2902,2902,0,682.0,511.56632528651545,885.8223603999025,0.0,232.0,232,14.750078210186581,1,,2445.4116788321166,2462.0,940.0,4095.0,1675107.0,697.357160022994,0.857618293986293,3.2379062522928197,-0.03840230754489697,0.06295710423402338,16.49211204121093,13.396334016606804,-1.1063906137767756,1.2310914329820708,683.5000000000002,99.69046305448336,0.8642535186953642,0.9667609618104671,3.8131540750440864
ID2929,2929,0,683.0,511.69442406456346,885.4564685742235,0.0,233.0,233,14.728482183655359,1,,2481.4296187683285,2500.0,1006.0,4095.0,1692335.0,696.0210061492602,0.8581265272032854,3.2929539274647994,0.04946636707630218,-0.013340028184432902,16.607453147716868,13.302395593970399,-1.0367905158457946,1.2484558161271762,681.4999999999999,100.41983018289771,0.8492523532530425,0.9578355586788474,3.8466843673612305
ID2909,2909,0,689.0,510.5772032046613,886.4898033503277,0.0,234.0,234,14.78241309344223,1,,2471.3464337700148,2497.0,854.0,4095.0,1697815.0,720.3280993899873,0.8596587779705581,3.1719483428226445,-0.09364360221705366,0.14116725086742168,16.76111962116997,13.428605188661479,2.134097267654086,1.2481653444783916,686.5,100.0518037644282,0.8617882339105508,0.9662209711470795,3.818604252379884
ID2936,2936,0,691.0,510.7224642943597,887.0741951101429,0.0,235.0,235,14.803930445578967,1,,2494.0960698689955,2532.0,937.0,4095.0,1713444.0,707.6612196777804,0.8610483852181725,3.26127686169843,0.00638278620802633,0.0015764823929492685,16.48647215588143,13.465741656209092,-0.9137185054083671,1.2243270795470422,688.5,98.50516960711109,0.8916527685580047,0.9683544303797469,3.7541104926316478
ID2915,2915,0,699.0,510.530629337162,886.4942569992821,0.0,236.0,236,14.889688906320718,1,,2469.1496402877697,2514.0,860.0,4095.0,1716059.0,711.855691222562,0.861912663253779,3.211363009541575,-0.06496432164642246,-0.04371121458994269,16.42656654462382,13.842521600141085,-0.800437668336268,1.1866744383087253,696.5000000000001,100.26541850333021,0.8706200068511737,0.9554183813443075,3.7991864749855035
ID2922,2922,0,693.0,509.33477633477634,887.8400673400673,0.0,237.0,237,14.85223051010746,1,,2465.9178674351583,2507.0,901.0,4095.0,1711347.0,727.6035010336113,0.8602345963913767,3.1344620111109895,0.006316531633934669,-0.08217152926176502,16.262184918688085,13.783065849008468,-0.8795796178417242,1.179867026453912,693.0,101.49423556267358,0.8453963041242165,0.9578438147892191,3.855447197350856
ID2942,2942,0,688.0,510.4515151515152,889.007393939394,0.0,238.0,238,14.793175681757994,1,,2461.7470930232557,2477.0,857.0,4095.0,1693682.0,716.0148669243875,0.8581927151605311,3.175743808842887,0.016094357254005452,0.001122489465920886,16.30886132031106,13.661492024334635,2.4213040388039433,1.1937833211234015,687.5,99.14664108341704,0.8788738754200653,0.9703599153140438,3.781304524895929
ID2948,2948,0,691.0,509.52931987503,887.9160057678442,0.0,239.0,239,14.857587491529667,1,,2477.8184438040344,2512.0,791.0,4095.0,1719606.0,729.207788449777,0.8620908835229456,3.146301642850124,-0.008493444101421712,-0.060916920048929186,16.41584556739152,13.757818736874915,2.539486848963924,1.1932011811866898,693.5,99.9972498631813,0.8715257377470482,0.9665505226480838,3.7972118143940143
ID2957,2957,0,696.0,509.81017191977077,887.6690544412608,0.0,240.0,240,14.90571368825679,1,,2445.922636103152,2457.0,649.0,4095.0,1707254.0,732.164472414642,0.8628559610421029,3.094732305904827,-0.0042706736274132065,0.00512971737257086,16.612415540470835,13.67394912041775,-0.6231714822421806,1.214895228450529,697.9999999999999,100.63487621762418,0.8661004278870592,0.9601100412654747,3.8090862397506196
ID2961,2961,0,702.0,511.12208067940554,889.1098136352914,0.0,241.0,241,14.996197337620229,1,,2463.7330508474574,2488.0,844.0,4095.0,1744323.0,747.1204206683461,0.8676356311426837,3.063925959667872,0.02216018229337479,-0.05899350099283203,16.52019254433161,13.78419824438242,2.5401945802590054,1.198487735843774,706.4999999999999,102.4626358668228,0.8456506407232077,0.9586160108548166,3.8548673745368203
ID2967,2967,0,698.0,508.5358937544867,887.0934434075139,0.0,242.0,242,14.889688906320718,1,,2471.2204610951007,2523.0,496.0,4095.0,1715027.0,764.4561424640486,0.8584787184131362,2.986488545849502,-0.1578791431442572,-0.44118942054697813,16.31244854124958,14.290698686783008,2.627712438309021,1.1414731286956894,696.5000000000001,99.83045890503364,0.8782230869854593,0.9653499653499659,3.7827052928622917
ID2974,2974,0,689.0,509.5919374247894,886.0018050541516,0.0,243.0,243,14.846871595803442,1,,2431.2741702741705,2439.0,850.0,4095.0,1684873.0,710.1188900577367,0.8613929825768469,3.1688094415498793,0.035162631067071085,-0.08326176248867807,16.82098421789327,13.486254333364212,2.5698517651480044,1.2472687969615943,692.5,98.54551492392552,0.8960988407406959,0.9829666430092264,3.7447857393165545
ID2981,2981,0,689.0,510.27705627705626,886.8405483405484,0.0,244.0,244,14.852230510107463,1,,2471.201438848921,2507.0,870.0,4095.0,1717485.0,727.2965215490121,0.8641562006192703,3.1501888071544926,-0.14821778672995145,-0.17853621998197977,16.42742250549465,13.950640078919015,2.7322337294494465,1.177538981191145,693.0000000000001,99.82972009446458,0.8738228393149169,0.9625000000000001,3.7922174832564948
ID2987,2987,0,698.0,509.5139876718824,886.527501185396,0.0,245.0,245,14.959005648344574,1,,2470.477207977208,2525.0,801.0,4095.0,1734275.0,737.3357106938304,0.8664050738101055,3.110718123946279,-0.0038588746346031482,-0.09609311058538854,16.336151121472334,13.903536500625062,-0.4424431613343997,1.1749637310433865,703.0000000000001,99.24001081584944,0.8969982240157787,0.9791086350974935,3.7429078970676795
ID2994,2994,0,691.0,507.88880918220946,885.8087039693926,0.0,246.0,246,14.895032415879532,1,,2399.409155937053,2466.0,809.0,4095.0,1677187.0,730.0032018823312,0.8606310408628928,3.0406489756135504,-0.025732461762625676,-0.05952775384338506,16.1854044634635,13.958609723108834,2.776793997347644,1.1595284046568155,696.9999999999998,99.52498115392675,0.8842568525873816,0.9660429660429655,3.7697774735938085
ID3015,3015,0,688.0,509.18810211946055,886.3672928709055,0.0,247.0,247,14.841510746523857,1,,2460.6526772793054,2519.0,993.0,4095.0,1700311.0,709.100386019474,0.8620651077814054,3.213052309704522,-0.30903679795188643,-0.34663172723237534,16.191574091804167,14.158915352781737,2.7359035569748427,1.143560342609371,692.0,100.05887539046107,0.868569797720628,0.9753347427766033,3.803667712872368
ID3001,3001,0,682.0,507.96793465008534,886.3510119483052,0.0,248.0,248,14.750078210186581,1,,2468.1317715959003,2497.0,878.0,4095.0,1685734.0,700.2764641952499,0.8582167919144466,3.255587973192045,-0.1315387761544848,-0.5164782641573683,16.125674966850358,14.277627905662149,2.705636962848386,1.1294365614091484,683.5000000000001,101.0824557934469,0.8406143777533231,0.9613220815752463,3.8663977116205333
ID3008,3008,0,687.0,508.0477923338185,885.5984958757884,0.0,249.0,249,14.787795366729425,1,,2431.3817126269955,2451.0,824.0,4095.0,1675222.0,712.8586231390422,0.8592787698021539,3.1526031531104293,-0.0747525716760595,-0.11666927279663505,16.120091429577815,13.832303623985013,-0.4762803975751506,1.1653945624520425,687.0000000000001,101.7233501885319,0.8343058546787677,0.9588276343335661,3.8809878793070864
ID3022,3022,0,687.0,509.0540112167764,887.5024384296512,0.0,250.0,250,14.75007821018658,1,,2429.238653001464,2476.0,958.0,4095.0,1659170.0,710.58700704005,0.8568277945115398,3.1550397405844888,-0.21386743086194518,-0.23108706417235694,16.355134776698655,13.955246068329007,2.6530352347096406,1.1719703612977574,683.5,99.67453391404483,0.8645297761340722,0.9633544749823819,3.8125447864028863
ID3036,3036,0,688.0,509.1092457420924,886.750608272506,0.0,251.0,251,14.766254502611575,1,,2423.2251461988303,2437.0,1006.0,4095.0,1657486.0,708.7521248066828,0.8581531968993019,3.1580041521738615,-0.22971672654641315,-0.07867063591789274,16.48304603241835,13.657559300408394,2.7612401638437936,1.2068807954526302,685.0,99.62151364751512,0.8673495615724665,0.9600560616678346,3.8063423793249753
ID3029,3029,0,702.0,509.25498575498574,887.7447768281102,0.0,252.0,252,14.948362455500636,1,,2445.7061340941514,2473.0,766.0,4095.0,1714440.0,749.0717984504209,0.8643133974902819,3.0273535710014854,-0.22253621826816933,-0.2501006301248049,16.593695998409014,14.232992442566216,2.806256795616198,1.1658613650902188,701.9999999999998,98.07218955599505,0.9171813881483404,0.9818181818181815,3.7014962640842897
ID3049,3049,0,687.0,508.4431900946832,885.2805292546735,0.0,253.0,253,14.78241309344223,1,,2474.2736535662298,2513.0,776.0,4095.0,1699826.0,720.386360292129,0.8592071153715479,3.1745512092263666,-0.20781902357092052,-0.4280762237131569,16.106247306614698,14.323868924310034,2.858541927771385,1.124434144973197,686.5,97.82214817361294,0.9015213458137226,0.9765291607396869,3.7335066129562477
ID3043,3043,0,681.0,507.44166666666666,886.7009803921568,0.0,254.0,254,14.712264360219253,1,,2408.418020679468,2464.0,806.0,4095.0,1630499.0,701.0781328589559,0.8532186962980561,3.163218069854429,-0.25777924316550327,-0.4905483464199772,16.073787818083296,14.2538556971987,2.7883159529470944,1.1276799877553318,679.9999999999999,98.48138991550776,0.8810700486860678,0.9721229449606862,3.776588905911048
ID3062,3062,0,680.0,510.31530537159676,886.3258523424086,0.0,255.0,255,14.706854444845975,1,,2437.8571428571427,2470.0,939.0,4095.0,1655305.0,714.7037333499735,0.8557648367143821,3.1458911638376836,-0.14302534403521963,-0.21586392221809392,15.991168818489069,13.955004580470769,2.543938236649293,1.1459092489921354,679.5000000000001,97.38158574395109,0.9004210525896041,0.9798125450612835,3.735787044887374
ID3055,3055,0,695.0,509.73888091822096,887.4598278335725,0.0,256.0,256,14.895032415879534,1,,2420.640401146132,2451.0,774.0,4095.0,1689607.0,737.6104880305301,0.8614515489088982,3.037472183761459,-0.041827322596830786,-0.041006684902690285,16.68609455009996,13.54704070580893,-0.6399666451029438,1.2317150964893029,697.0,102.0997252784781,0.8402209288556222,0.9607167470709855,3.867302861576449
ID3069,3069,0,683.0,509.3160412067697,886.1107431935246,0.0,257.0,257,14.706854444845971,1,,2454.9307805596463,2492.0,941.0,4095.0,1666898.0,714.1644577985682,0.8550590547799476,3.1689062053153325,-0.24353724643204486,-0.5698501991933571,16.084829809115046,14.40653752839506,-0.32220312406907947,1.1164951868144652,679.4999999999998,98.25755157362309,0.8844381125953257,0.9727988546886179,3.7693911577517616
ID3076,3076,0,688.0,509.5696372047724,884.7965668371074,0.0,258.0,258,14.760864374853007,1,,2427.155523255814,2463.0,946.0,4095.0,1669883.0,715.9825308699462,0.8572158315185833,3.1293416533632765,-0.044928544100392966,-2.675399874181727E-4,16.173777307952808,13.563899397736645,-0.4538723502993782,1.1924135408031458,684.4999999999998,100.75847765234887,0.8472666695991043,0.9586834733893552,3.8511893410815734
ID3082,3082,0,684.0,508.44325718496685,884.0281257676247,0.0,259.0,259,14.696028639591784,1,,2421.2235294117645,2466.0,944.0,4095.0,1646432.0,699.6217071901209,0.853766179266516,3.1877598610662616,-0.11620948025646426,-0.23070257104074443,16.104682251145466,13.694266535443822,-0.43790149874604234,1.1760164160280473,678.5,102.32531264852688,0.814317101386196,0.9596888260254596,3.9283317245338427
ID3088,3088,0,691.0,507.4818181818182,885.0849696969697,0.0,260.0,260,14.793175681757994,1,,2374.7772925764193,2410.0,924.0,4095.0,1631472.0,697.7993050685672,0.8556785036075152,3.138558555038585,-0.011290788131287593,-0.09545646530120176,16.387666081739642,13.67658808623169,-0.5010068567228294,1.1982276557877187,687.5,98.56432931695689,0.8892892128975659,0.9717314487632509,3.7590960255120383
ID3114,3114,0,682.0,506.9230392156863,885.0450980392156,0.0,261.0,261,14.712264360219255,1,,2387.0778267254036,2428.0,968.0,4095.0,1625600.0,711.5324399152443,0.8525451117325782,3.0878091195946054,0.06544774280652794,0.025192943884984793,16.29914436804759,13.491493594614775,2.6325085152371646,1.2081052593430803,680.0000000000001,99.42924043607997,0.8643517850507725,0.9577464788732395,3.812937314108029
ID3094,3094,0,670.0,508.11624441132636,883.1748633879782,0.0,262.0,262,14.614579488624484,1,,2341.9806259314455,2386.0,884.0,4095.0,1571469.0,680.8097491586454,0.8479761158843833,3.157001539686879,-0.007808973903930894,-0.3453611166111103,16.03200091255025,13.777186051354402,2.743197369953481,1.1636629463223502,670.9999999999999,98.26017053805592,0.8733279450569027,0.9565217391304346,3.7932918109855938
ID3101,3101,0,685.0,508.87846970794106,883.6660632391986,0.0,263.0,263,14.825416567837392,1,,2400.0086830680175,2446.0,792.0,4095.0,1658406.0,725.1023595386747,0.858685074176691,3.0582402005895006,-0.21604163186149386,-0.4883990290649759,15.9767558244235,14.297557935958308,2.7025928156692833,1.1174464825382533,690.5,100.80214904392264,0.8539529923785746,0.9630404463040443,3.8360825970440513
ID3107,3107,0,676.0,509.4150521609538,884.3025335320417,0.0,264.0,264,14.614579488624488,1,,2327.8667664670656,2326.0,957.0,4095.0,1555015.0,682.9359991418387,0.845779037251252,3.123815082356635,-0.16590480138888872,-0.4012042307990769,15.952508387826969,13.980097376983206,2.7691225814476113,1.141087072404169,671.0,98.63784720490791,0.8666529386725379,0.9606299212598425,3.8078718569973713
ID3121,3121,0,676.0,510.2171641791045,884.302487562189,0.0,265.0,265,14.60368527951557,1,,2358.8912071535024,2394.0,982.0,4095.0,1582816.0,697.8803355685822,0.8487356704918436,3.1035202266781616,0.027967538094045896,-0.32647880653882566,16.077994578519153,13.781376477117378,2.8682254815970505,1.1666464961040055,670.0,97.48580752457225,0.8859350414069267,0.9696092619392184,3.766205317109491
ID3128,3128,0,676.0,510.0612472160356,883.3535016085128,0.0,266.0,266,14.641779548428634,1,,2368.1388059701494,2357.0,943.0,4095.0,1586653.0,687.2478508564386,0.8481144935720416,3.1626371773809754,-0.07796996394125848,0.08048073067112552,16.21531563409857,13.56659166237981,-0.34121137166975746,1.1952387185842466,673.4999999999999,99.44067723671152,0.8558926902548013,0.9628305932809146,3.831733300745413
ID3135,3135,0,675.0,511.4675340768278,885.014498141264,0.0,267.0,267,14.63090559256669,1,,2346.9761549925483,2388.0,748.0,4095.0,1574821.0,695.0384845121564,0.8485658027076498,3.100133753911541,-0.07788380654409276,-0.05172808493951315,16.39944585829919,13.543558022611212,2.6757364306940565,1.2108668808388479,672.5,98.69304984606313,0.8676189177681526,0.9648493543758968,3.8057514854034493
ID3142,3142,0,683.0,511.8081622678397,886.1715542521994,0.0,268.0,268,14.733884157863644,1,,2351.761346998536,2349.0,879.0,4095.0,1606253.0,716.3130900390083,0.8543449074676758,3.0252625782830975,-0.27356042284220955,-0.31637055295995065,16.112876394319265,13.984106565208625,2.772359789857148,1.1522278036987257,682.0,100.43290723770835,0.849654124245119,0.963276836158192,3.8457747802158
ID3149,3149,0,679.0,510.2837638376384,882.8057810578106,0.0,269.0,269,14.685194853644884,1,,2339.2735294117647,2349.0,861.0,4095.0,1590706.0,700.3752971678537,0.8510884573192995,3.0713386870246016,-0.075741804652562,-0.1467768253624392,16.102853443189655,13.762416615026416,2.7723974592108878,1.1700600187911654,677.5,98.32618573197801,0.8806042535431771,0.9603118355776044,3.777587586193665
ID3161,3161,0,667.0,513.8021690351534,884.5585888805783,0.0,270.0,270,14.587328710694912,1,,2352.9834834834833,2370.0,880.0,4095.0,1567087.0,703.578736762659,0.8475256772328656,3.0683051583407663,-0.010870247704620308,-0.13565306222560086,15.789727594398544,13.686173226399477,-0.43908692737378946,1.1536992359516163,668.5,98.73415289487384,0.861740425422535,0.9681390296886314,3.818710177063372
ID3155,3155,0,659.0,515.2715298885512,884.644376899696,0.0,271.0,271,14.472315126092793,1,,2380.094224924012,2402.0,890.0,4095.0,1566102.0,690.8010902997275,0.8461768787889743,3.1583407124523495,-0.08563329892519864,-0.1592298860052496,15.98069050533958,13.427487370508713,-0.4917169862455574,1.1901474985140228,658.0,95.97274979980398,0.8977178919426754,0.9719350073855244,3.7414073194039736
ID3167,3167,0,671.0,514.7760416666666,883.7748015873016,0.0,272.0,272,14.625465582862903,1,,2346.348664688427,2383.0,888.0,4095.0,1581439.0,717.291217728827,0.8513471465489151,3.0084711703374345,-0.19281227403446696,-0.04247176126464364,16.19823575692227,13.626271229173248,2.745365286877411,1.188750428087954,671.9999999999999,97.13887242026604,0.8949381487400553,0.9767441860465113,3.7472133564968275
ID3174,3174,0,659.0,514.2642276422764,884.2512703252033,0.0,273.0,273,14.450303987687132,1,,2375.5533536585367,2376.0,1018.0,4095.0,1558363.0,688.5481685075841,0.8441818562169532,3.1585861441457173,-0.11742881796527833,-0.06718636169442962,16.08069044693151,13.348721240808876,2.7045313899860135,1.2046614920514354,655.9999999999999,95.47914487712265,0.9042669578178666,0.9747399702823178,3.7278343093418687
ID3180,3180,0,659.0,514.4984721161192,883.5552584670231,0.0,274.0,274,14.433773605931712,1,,2408.1476407914765,2419.0,935.0,4095.0,1582153.0,693.7723372352567,0.8449116036669575,3.1793024016485663,-0.014808428111694893,-0.31222090251564155,15.896004049789115,13.665155625017283,-0.44383824007758055,1.163250861240668,654.4999999999998,96.9610896354832,0.8748317575691889,0.9610866372980907,3.7900301248523514
ID3204,3204,0,663.0,515.9366339128244,883.7685815066767,0.0,275.0,275,14.51075427779609,1,,2328.1975867269985,2354.0,825.0,4095.0,1543595.0,700.9944178746708,0.8454069145400395,3.0430488407743117,-0.02272284778609143,0.010270713613070035,16.025175435986785,13.327155425707021,2.576537995706491,1.2024453023993027,661.5,96.63343340876764,0.8901944693526284,0.9692307692307691,3.757184189598375
ID3185,3185,0,643.0,515.0071225071225,882.8553483553483,0.0,276.0,276,14.311967431463408,1,,2244.5,2236.0,801.0,4095.0,1445458.0,658.8828485300644,0.8338616515894781,3.0979102777893552,-0.037608525380688825,-0.34175601454826116,15.781880200642147,13.522846913821777,-0.4016431913165868,1.1670530843998093,643.5,94.9200436047567,0.8975167391788088,0.9764795144157815,3.741826560754459
ID3192,3192,0,649.0,514.6905128205128,883.9017948717948,0.0,277.0,277,14.38406847937898,1,,2303.56,2293.0,965.0,4095.0,1497314.0,678.9220974619898,0.8396005369955954,3.0971251869351364,-0.13381766236406967,-0.10968375925206511,15.840458824168092,13.363908890739756,-0.3119824213123256,1.1853162838564704,650.0,98.78498941917907,0.8370305425533997,0.9530791788856305,3.8746660669111606
ID3210,3210,0,664.0,516.1045751633986,884.2466063348417,0.0,278.0,278,14.527197064122632,1,,2346.2364457831327,2357.0,887.0,4095.0,1557901.0,696.8544492907022,0.8475153951142685,3.0890093652905595,-0.1087708976538473,-0.09027466020053168,16.1450773080821,13.453017717810404,2.732030125697098,1.2001082319774015,663.0,95.21272945622391,0.9190377739862539,0.9771554900515842,3.697756005046418
ID3216,3216,0,650.0,517.1728110599079,883.2718894009216,0.0,279.0,279,14.395128895068908,1,,2283.0353302611366,2276.0,931.0,4095.0,1486256.0,684.9416215296737,0.8392202368813824,3.0418043835393744,0.0853629763378798,-0.18217400988858248,15.806461452436682,13.379576904131502,-0.4505548036161494,1.1813872415917561,651.0000000000001,98.59576377113557,0.8415391817589385,0.9531478770131774,3.8642726513317305
ID3198,3198,0,652.0,517.5298353909465,883.8263888888889,0.0,280.0,280,14.361922094451575,1,,2319.973765432099,2319.0,987.0,4095.0,1503343.0,676.4809120361962,0.8394093303551992,3.1300619262208302,-0.021382125985389584,-0.10244554627112956,15.757238920421232,13.376394829299922,2.789060026535747,1.177988473090392,647.9999999999999,98.1715279300674,0.8449164568943404,0.9515418502202642,3.856541839933067
ID3222,3222,0,664.0,517.4788157223073,882.8333333333333,0.0,281.0,281,14.417224270920368,1,,2336.1733128834358,2344.0,898.0,4095.0,1523185.0,685.9453738731752,0.83984676524681,3.109309279111961,0.021927065495455547,0.0418878254337728,16.06200338133593,13.210387334289953,3.0005503524845123,1.2158616530223978,653.0000000000001,97.08790719025596,0.8705480881285019,0.9588839941262847,3.799343403131852
ID3229,3229,0,674.0,517.4672375279225,883.1708860759494,0.0,282.0,282,14.62002354896925,1,,2342.725519287834,2343.0,1047.0,4095.0,1578997.0,700.4282178016681,0.8489074036873084,3.0713756000487846,-0.037652454911108114,-0.23050921190071696,16.17822545221329,13.824078088528132,2.930616592234628,1.1702932628569813,671.5,98.3252570600712,0.8728220314811688,0.9641062455132805,3.794391004032187
ID3238,3238,0,674.0,517.0115877712032,884.0076429980276,0.0,283.0,283,14.668929172241665,1,,2354.7444608567207,2348.0,927.0,4095.0,1594162.0,713.6562068983696,0.8519568859159604,3.035788264401107,-0.02436419572652081,-0.09346349980061829,16.17641738623391,13.44824473572805,2.9854384864215695,1.202864589700536,676.0000000000001,98.34883072229871,0.8782499993051857,0.9629629629629632,3.782647335473027
ID3239,3239,0,679.0,517.0843195266273,885.1060157790927,0.0,284.0,284,14.668929172241665,1,,2398.6251851851853,2428.0,955.0,4095.0,1619072.0,706.0452362461579,0.8526416827127954,3.127051162117343,-0.048756809896274865,-0.06542407577793673,16.30368017029987,13.738183543259085,2.905940225730019,1.1867420550149512,676.0000000000001,98.50448385943024,0.8754766359776157,0.9684813753581661,3.78863399459347
ID3250,3250,0,665.0,516.8127819548872,886.333082706767,0.0,285.0,285,14.549091872423544,1,,2395.005997001499,2393.0,950.0,4095.0,1597469.0,702.0740038421084,0.850194222567588,3.135122662484005,-0.04481617881933089,-0.02846152911436881,15.967232489754618,13.470110460054403,2.797978893219499,1.1853824463507874,665.0,96.83245873059771,0.8912295761678126,0.9686817188638019,3.7550016897391965
ID3255,3255,0,669.0,516.2986059248195,885.9341548419218,0.0,286.0,286,14.598235126207822,1,,2324.591654247392,2345.0,798.0,4095.0,1559801.0,711.7471273587123,0.8485301746375497,2.9984146672097594,-0.009852358600362167,-0.14494274943744362,15.84335823270561,13.859357398668662,2.967284629207864,1.1431524404030111,669.5000000000001,97.72111344716735,0.8810156678218071,0.9660894660894662,3.7767054594566143
ID3262,3262,0,664.0,514.4621498864497,885.8832954832197,0.0,287.0,287,14.499782061272292,1,,2333.6063829787236,2328.0,1054.0,4095.0,1535513.0,684.2541485493448,0.8428110357439975,3.1195328963727076,0.10480847019326316,-0.11664675201234381,15.875044126237,13.485119140779906,2.9681924863425735,1.1772268350399515,660.5,98.54688902927703,0.8546668283785875,0.9642335766423359,3.8344802733177206
ID3269,3269,0,672.0,513.6109456440804,885.909779101514,0.0,288.0,288,14.62002354896925,1,,2335.022255192878,2330.0,879.0,4095.0,1573805.0,695.6949390652267,0.8490281634761324,3.082341448499929,0.04571851852125193,-7.055874742922221E-4,16.189193416608244,13.326860851454523,2.9780658295264555,1.2147792039744543,671.5,99.82197781016214,0.8468442442802688,0.9545131485429993,3.852149752084315
ID3275,3275,0,666.0,513.9456114028507,885.3004501125281,0.0,289.0,289,14.565491380022046,1,,2312.887387387387,2291.0,908.0,4095.0,1540383.0,694.5777627467907,0.8449792394361771,3.050128691703965,0.1945684465550334,-0.06214804018896522,16.333607630920852,13.37580705489142,-0.09499251505201163,1.2211306251571408,666.5000000000001,97.41981261351674,0.8825014711211734,0.9708667152221413,3.7735248385171385
ID3282,3282,0,681.0,513.0165432098765,886.021975308642,0.0,290.0,290,14.658075357087599,1,,2360.888558692422,2394.0,972.0,4095.0,1588878.0,694.0787323276066,0.8497612417864331,3.1252012501718553,-0.03709908130769878,-0.10688805895963312,16.04350357583152,13.608992243288116,2.9698196171590894,1.1788899052201378,675.0000000000001,99.6303170949526,0.8545364885388863,0.9533898305084749,3.8347726929479102
ID3289,3289,0,672.0,513.1082218920258,885.611441307578,0.0,291.0,291,14.63634358033765,1,,2343.9094955489613,2354.0,903.0,4095.0,1579795.0,707.8405217831205,0.8482004993207686,3.039378965544599,0.1018385334899524,-0.32042173943201124,16.41662746385124,14.087304348367343,3.025296493150218,1.1653491014236412,673.0000000000001,97.08363696149368,0.8972900524775064,0.9875275128393252,3.7422991887255965
ID3296,3296,0,678.0,513.4108498652951,886.0917217732059,0.0,292.0,292,14.717672287018404,1,,2351.8279411764706,2363.0,836.0,4095.0,1599243.0,708.2378107438091,0.8518077000873915,3.0549359461926486,-0.061592160189010856,-0.1620376928477674,16.055944351115574,13.762792148575215,-0.09316599554337476,1.1666196929943287,680.4999999999999,98.40373038975294,0.8831101344775492,0.9673063255152808,3.7722242067524423
ID3309,3309,0,668.0,513.7643160790197,885.8063265816454,0.0,293.0,293,14.565491380022042,1,,2312.12125748503,2346.0,996.0,4095.0,1544497.0,686.33267115843,0.8448381337555917,3.0854688820451948,0.03215093713664868,-0.2612591399333244,16.141566267247704,13.58447494762338,2.9670490403040244,1.1882363013280606,666.4999999999997,98.39180876213042,0.8651514280659562,0.955555555555555,3.81117479401734
ID3303,3303,0,673.0,514.04047976012,885.7798600699649,0.0,294.0,294,14.570953780881624,1,,2330.461769115442,2363.0,805.0,4095.0,1554418.0,688.1153547219195,0.8452630062882979,3.1027323696830575,0.05945665089675864,0.09703355261609573,16.27115741169993,13.39314780919442,2.994880231523775,1.2148867199486704,667.0000000000002,97.3252812474822,0.8848799670255553,0.966666666666667,3.76844993961424
ID3316,3316,0,674.0,513.4061102831595,885.0799801291604,0.0,295.0,295,14.614579488624488,1,,2320.3333333333335,2293.0,960.0,4095.0,1559264.0,691.4555064046494,0.8475909634685519,3.07890737309919,-0.004895086796163075,-0.17456165359019657,16.072929643124272,13.78603930635336,3.042848919254302,1.165884507214265,671.0000000000001,97.55931674242011,0.8859207708592777,0.9620071684587815,3.7662356502937704
ID3324,3324,0,660.0,515.8634765134389,887.0486058779201,0.0,296.0,296,14.532673858686332,1,,2308.448948948949,2315.0,798.0,4095.0,1537427.0,712.0349454593398,0.8446509179826438,2.969012511838896,0.06203850657479046,-0.36277855233301914,15.701088657053822,13.9254174834901,-7.437055253300979E-4,1.1275129579180623,663.4999999999999,97.10570988012276,0.8842218779899877,0.9608979000724108,3.7698520279273673
ID3341,3341,0,654.0,516.4846977811783,886.3801326192297,0.0,297.0,297,14.422742825867319,1,,2301.9664634146343,2260.0,1053.0,4095.0,1510090.0,682.1820102119278,0.8405050311813101,3.0819957387042156,0.024578797503877366,-0.10372715801259126,15.772130755791592,13.445991088230846,-0.08336938600705186,1.1729987512483773,653.5,96.91049055431556,0.8744074960629078,0.9688658265381764,3.7909494724669406
ID3335,3335,0,654.0,518.3081039755351,886.711518858308,0.0,298.0,298,14.428259270064393,1,,2299.047328244275,2285.0,943.0,4095.0,1505876.0,700.4572027352178,0.8408562959218004,2.9984595543306733,0.09284780123503394,-0.07262844697351148,16.01059262582717,13.381144291684487,-0.05670520552889031,1.1965039967304376,654.0,98.87698059140769,0.8406151650076431,0.9568397951719094,3.866395901137485
ID3325,3325,0,672.0,518.2543597409068,888.0196811160936,0.0,299.0,299,14.592782937361742,1,,2376.8989598811295,2398.0,954.0,4095.0,1599653.0,723.4090437211903,0.852682134847206,3.0244264856455554,0.009262812200205608,-0.11299587305127967,16.012947052813733,13.574096914509404,-0.02545668403008593,1.1796694213739871,669.0,99.15407880421623,0.8550958794993347,0.962589928057554,3.8335181622132715
ID3347,3347,0,662.0,517.84375,885.6173780487804,0.0,300.0,300,14.450303987687134,1,,2319.8384146341464,2307.0,951.0,4095.0,1521814.0,681.7060422563238,0.8404516326921662,3.107984932037185,0.08161162393440394,0.024146426261559696,15.954756493914333,13.258998003468502,-0.00916204300395305,1.203315400586125,656.0,97.95719438083404,0.8590946760172925,0.95836376917458,3.824585887627069
ID3353,3353,0,672.0,520.205940840169,885.7184936614467,0.0,301.0,301,14.609133399563152,1,,2292.3298507462687,2294.0,823.0,4095.0,1535861.0,714.4268696111587,0.845838969586831,2.940649104175497,-0.06978756723842038,-0.26233285408028617,16.08280815262733,13.64615815255999,0.03416862619662142,1.1785594137797846,670.5,98.53612305360585,0.867796121285079,0.9578571428571429,3.805362899327534
ID3359,3359,0,659.0,518.7628787878788,884.5421717171718,0.0,302.0,302,14.494292838262298,1,,2216.8649468892263,2175.0,800.0,4095.0,1460914.0,675.0918377018953,0.8375559545898227,2.993502554136924,0.0980319068346696,-0.13356941500773956,16.114312982371523,13.51627984747859,0.08560934103525586,1.1922151038754636,659.9999999999998,97.69462307339242,0.8689853929136295,0.9698750918442322,3.8027580456446985
ID3366,3366,0,670.0,518.5215701028342,884.2426636568849,0.0,303.0,303,14.543621260508983,1,,2290.3273001508296,2294.0,943.0,4095.0,1518487.0,678.6362279402061,0.8428921609463643,3.0871845885708304,0.058733504632905956,-0.11797382803972199,16.169798102441977,13.394182622096054,-0.042400670369995196,1.2072254469464272,664.5,99.43888788251341,0.8444857628510632,0.9623461259956552,3.857525147139582
ID3373,3373,0,658.0,518.2702975289965,884.1880988401413,0.0,304.0,304,14.505269206998044,1,,2258.635542168675,2232.0,959.0,4095.0,1499734.0,684.8204042853117,0.8404983187245438,3.012318478569808,-0.04235265551970649,-0.4237107446800634,15.878870926105343,13.792556610493943,0.104151241957251,1.1512637848463894,661.0,96.46250958061616,0.8926767235180244,0.9727740986019132,3.7519567773346063
ID3380,3380,0,654.0,519.461234378985,884.420428462127,0.0,305.0,305,14.422742825867317,1,,2211.7145038167937,2167.0,771.0,4095.0,1448673.0,668.8485971355813,0.8341863037429129,3.0078131239864647,0.025728187618834653,-0.17430589408989466,16.231911301098773,13.09879382660436,0.08459595499115793,1.2391912962345342,653.4999999999999,98.45268239908599,0.8472280958911557,0.9681481481481481,3.8512770110743175
ID3399,3399,0,651.0,520.4840780688238,882.7994350282487,0.0,306.0,306,14.372999552399637,1,,2220.935483870968,2172.0,1062.0,4095.0,1445829.0,669.8197131609054,0.8317760929157165,3.011217048915464,0.021060748560304793,-0.1861811509069933,15.877863560146675,13.433886440005844,0.005288699197239177,1.1819262899872904,649.0,96.07867730776681,0.8834877447788456,0.9650557620817846,3.7714179799746943
ID3386,3386,0,661.0,521.3672722684835,883.2183951551855,0.0,307.0,307,14.499782061272292,1,,2230.327272727273,2189.0,898.0,4095.0,1472016.0,680.0197503481551,0.8379995100787362,2.9907178147855435,-0.017814791927779548,-0.05141862357363539,16.115384286415956,13.203601159226857,0.10203846782015524,1.2205294670806006,660.5,98.6151113797871,0.8534847131738568,0.9663496708119972,3.8371348193902253
ID3392,3392,0,647.0,520.6346697507067,883.5650218452839,0.0,308.0,308,14.367461891029615,1,,2249.3225308641977,2236.0,901.0,4095.0,1457561.0,670.5224860613041,0.834180899536154,3.0513108793946424,-0.1146029232715041,-0.2662328357988767,15.798554468439086,13.479186209426707,0.09191732418616831,1.172070347792237,648.5,97.2160249592359,0.8622716862606596,0.9796072507552872,3.8175336083657427
ID3405,3405,0,639.0,520.1224142445667,884.3070175438596,0.0,309.0,309,14.233911709575228,1,,2253.5440251572327,2196.0,1082.0,4095.0,1433254.0,655.8814298539312,0.8286846885633475,3.114018538444952,0.02080740599065236,-0.35465396133960436,15.901625587305743,13.317348415448148,0.1750356935245838,1.1940534325031122,636.5000000000001,96.90297639376315,0.8517929448543048,0.9600301659125192,3.840943446302072
ID3412,3412,0,659.0,520.2139605462822,882.0966110268082,0.0,310.0,310,14.48330815094114,1,,2202.1063829787236,2150.0,961.0,4095.0,1448986.0,675.5995753625991,0.8335449633394701,2.9635781945335937,-0.02986783794440832,-0.3089713617624229,15.819902309642368,13.872463102964517,0.17483236254358592,1.1403816461592668,659.0,97.49295246036274,0.8712621213606083,0.9669845928099782,3.797786229099808
ID3418,3418,0,658.0,521.6369863013699,884.6547437848807,0.0,311.0,311,14.461313744703503,1,,2244.0990853658536,2210.0,829.0,4095.0,1472129.0,678.0922459252095,0.8369795629323276,3.015739158590097,0.005768228617943367,-0.1803245513482221,16.134986199703878,13.258714219637076,0.2052643153743685,1.2169344577777266,656.9999999999999,98.29480189590689,0.8545040592028899,0.9711751662971173,3.834845459104444
ID3424,3424,0,642.0,521.6143154065991,882.2544816835542,0.0,312.0,312,14.289709303792774,1,,2142.398133748056,2062.0,1010.0,4095.0,1377562.0,663.1304501307363,0.8253526646769406,2.9216216895847253,0.08377031970517575,-0.08562658253859848,16.096153122606104,13.125819255454825,0.17515174141296086,1.2262970264440345,641.5000000000001,96.84899998201858,0.859441346667227,0.9639368895567244,3.8238144531301876
ID3438,3438,0,643.0,521.3259518259518,883.3396788396789,0.0,313.0,313,14.311967431463408,1,,2185.931464174455,2127.0,1002.0,4095.0,1403368.0,645.3077836979259,0.8277128840043465,3.0681131741573786,0.07551773948082632,-0.1891451397561507,15.859859349614515,13.70895840764187,0.31185351600430344,1.1568974737550926,643.5,96.11864769248605,0.8752721524333943,0.9654913728432105,3.7890765244182956
ID3432,3432,0,657.0,520.6788062721295,881.9137582195244,0.0,314.0,314,14.483308150941141,1,,2185.2200303490135,2121.0,978.0,4095.0,1440060.0,670.8676719562412,0.8335985800420322,2.9616995965221666,0.11001674026398288,0.004420714123598813,16.121526957159173,13.316871433105096,0.11997937185452565,1.2106091913662123,659.0000000000001,96.34785763537622,0.8920951003971118,0.9762962962962964,3.75317966782949
ID3445,3445,0,657.0,520.2164369576315,885.2909647779479,0.0,315.0,315,14.417224270920368,1,,2260.514503816794,2207.0,1006.0,4095.0,1480637.0,680.398657215303,0.836662629040585,3.026877375390031,-0.05645681387125669,-0.03725148999670841,15.982060860411556,13.17201581664851,0.09900077980023521,1.2133344723296904,653.0,97.4849444567666,0.8634713816114412,0.9674074074074074,3.8148806720149753
ID3457,3457,0,652.0,520.1906584992344,885.1630934150077,0.0,316.0,316,14.417224270920368,1,,2197.4633027522937,2158.0,870.0,4095.0,1437141.0,673.0314504246769,0.8343961397885646,2.970266562126732,-0.04459792931023872,-0.07868187854952849,15.908434805960741,13.340279109939587,0.21458839486722092,1.1925113916175616,653.0,98.18241452358912,0.8512470678390959,0.9595885378398237,3.8421747848860166
ID3452,3452,0,627.0,519.9285714285714,883.7788359788359,0.0,317.0,317,14.161046158239445,1,,2144.4976152623212,2079.0,917.0,4080.0,1348889.0,641.0094214735619,0.8191161045473857,3.0128408870209933,0.034063085473843374,-0.1424815790746528,15.818749011380488,13.054563168273615,0.09343825064677058,1.2117409680796252,630.0000000000001,95.65623825428825,0.8652145567217611,0.9610983981693365,3.811035754094412
ID3464,3464,0,632.0,520.9508716323296,884.8483888008453,0.0,318.0,318,14.172280627406863,1,,2200.969889064976,2111.0,974.0,4095.0,1388812.0,673.5914597494892,0.8258458029551108,2.9558500120557483,0.013788168868678471,-0.08062285613681308,15.769351874120279,12.974860670466972,0.16398430608874826,1.215377357385737,630.9999999999999,97.75128174305264,0.8298398795804822,0.9648318042813454,3.8914170829514005
ID3470,3470,0,623.0,520.0893914916531,883.0134625740442,0.0,319.0,319,14.036873567421145,1,,2079.803225806452,1993.0,1026.0,3836.0,1289478.0,629.4454158161774,0.810474914844207,2.9582933265898403,0.006846212405808495,-0.2200617175815899,15.632322125717376,12.909612697543967,0.27884371443202305,1.2109055857803852,619.0,94.98856243775559,0.8621004719993359,0.9656786271450858,3.8179126730855932
ID3476,3476,0,631.0,519.8421192758253,882.6903620873269,0.0,320.0,320,14.1160188704554,1,,2096.0,2035.0,911.0,3951.0,1314192.0,633.3958858745543,0.815321088281253,2.9724958606389156,-0.0013551701474956899,-0.13317731081402248,15.925442771349754,12.814488953313253,0.17896803326077615,1.2427684653965188,625.9999999999999,96.19973645040064,0.8500342654086874,0.9660493827160493,3.8449147556009518
ID3483,3483,0,631.0,518.9231678486998,883.0765694772788,0.0,321.0,321,14.211531331408843,1,,2160.7634069400633,2102.0,967.0,3959.0,1369924.0,652.425357852364,0.8222907663989792,2.98891881245557,0.043814683345484245,-0.2955345384900145,15.680602677744279,13.574405537108252,0.23935552092243406,1.1551594384651565,634.5,95.67712312692103,0.8710142776009664,0.9679633867276888,3.7983265133943687
ID3489,3489,0,637.0,517.9422675026124,883.2609717868338,0.0,322.0,322,14.250673927406327,1,,2131.115987460815,2098.0,985.0,3999.0,1359652.0,637.6775603580451,0.8220001444161449,3.0155007094911723,-0.13874666991178164,-0.4310808062704069,15.805504296222892,13.387735648941932,0.24206452336830217,1.1805957863734815,638.0,96.96266529082342,0.8527494602009921,0.9622926093514329,3.838788679663988
ID3495,3495,0,620.0,518.4030351866774,883.0431103948429,0.0,323.0,323,14.053870796938545,1,,2089.1354838709676,2057.0,952.0,4095.0,1295264.0,607.3452662251234,0.8105850342423573,3.079928292249159,0.2976629463912598,-0.23685031407674143,15.929330722083932,12.835550004026958,0.09562618186958471,1.241032189277931,620.4999999999999,96.0095601043231,0.845907138941239,0.9583011583011581,3.8542828886445317
ID3506,3506,0,636.0,518.3269941891177,882.3357105124143,0.0,324.0,324,14.172280627406867,1,,2124.159810126582,2066.0,837.0,4040.0,1342469.0,640.9205429751577,0.81813289216052,2.9827113091142223,-0.22239465822024757,0.16818915004013746,16.031667154402093,12.92617567119992,0.08891046207204711,1.2402482808678938,631.0000000000001,98.1552936021434,0.8230226177383931,0.9670498084291189,3.907500541113241
ID3501,3501,0,617.0,520.3363143631436,882.8184281842819,0.0,325.0,325,13.991446672986724,1,,2068.990275526742,1999.0,850.0,3832.0,1276567.0,622.9240640043301,0.809030893462031,2.9707934592788905,0.17451311475690137,-0.08189442866093102,15.925090034347452,12.763190970157998,0.10231806313514147,1.2477357795227217,615.0,96.12860853954083,0.8363338365307849,0.9557109557109557,3.876279621867826
ID3516,3516,0,631.0,518.6562252180809,881.3395453343908,0.0,326.0,326,14.166664506470111,1,,2083.1469194312795,2024.0,839.0,3995.0,1318632.0,635.7415600923288,0.8147128275911918,2.942157639414293,1.6172153278847093E-4,-0.06202787293563899,15.892439099484161,12.863278493169215,-0.04485636860469585,1.2354890013400177,630.5,96.74793780462544,0.8464699038873715,0.9603960396039604,3.8530014396943266
ID3511,3511,0,646.0,518.1449444013448,881.3776829583657,0.0,327.0,327,14.323083524348139,1,,2124.3664596273293,2073.0,954.0,4095.0,1368092.0,650.7265033324175,0.8226943060226343,2.947037016508032,-0.00926057249618458,0.10273856480374886,15.9676697941299,13.253133328050907,3.1094222923702364,1.204822240815577,644.5,95.65176326510932,0.8852110470220739,0.9720965309200602,3.7677451500169656
ID3522,3522,0,641.0,517.4659916926272,881.4717030114227,0.0,328.0,328,14.295277084757526,1,,2111.4726989079563,2071.0,916.0,3904.0,1353454.0,637.0854384571277,0.8198740463928496,2.986232341450086,-0.1058318623627844,-0.2311757465470493,15.742809626383433,13.42846893370446,0.14318355201917154,1.172345835113797,642.0000000000001,99.11956941823696,0.8211567714979998,0.9511111111111115,3.91193736644221
ID3539,3539,0,626.0,518.8728,881.1586666666666,0.0,329.0,329,14.104739588693906,1,,2066.6016,1999.0,968.0,4095.0,1291626.0,622.4167535193269,0.8100997323256547,2.9719497870979543,-0.08178671941959023,-0.1586982965591882,15.775150576754868,13.058365333603366,0.0928738865701304,1.2080494130578765,624.9999999999999,95.62409295684547,0.8589249613275222,0.9689922480620151,3.8249637182738194
ID3529,3529,0,647.0,518.544564657393,881.4348274085523,0.0,330.0,330,14.350836085779552,1,,2090.5555555555557,2048.0,913.0,4094.0,1354680.0,647.3578090369916,0.8226181140161076,2.9150761476719005,-0.029071627747555003,-0.09379802070915194,15.880224512042831,13.150920724110406,0.001680118107250106,1.2075370877210614,647.0,96.59171583161516,0.8714337644066749,0.9656716417910448,3.7974121928131477
ID3534,3534,0,636.0,518.4676324719394,881.5031323414253,0.0,331.0,331,14.256256953644963,1,,2083.867924528302,2034.0,927.0,4095.0,1325340.0,633.3897916748347,0.817513776325506,2.9596918358885143,0.05682769693990562,-0.07349138475460654,15.925169717279518,13.038819915413317,3.0568829434104137,1.221365876712065,638.5,97.41177660134248,0.8455666340091529,0.9529850746268657,3.8550588595631994
ID3544,3544,0,634.0,515.7099447513813,880.6281241778479,0.0,332.0,332,14.200327915137432,1,,2046.3069620253164,1973.0,981.0,3998.0,1293266.0,616.8667806891985,0.8108470560597077,2.9707531545528414,-0.06614422961669689,-0.0655352303361247,16.069749196560824,12.729477257163683,0.03963745026204979,1.2624044862107247,633.5,98.89195749868915,0.8140189893126398,0.9583963691376702,3.9290509804306777
ID3556,3556,0,621.0,515.7740501212611,880.2248720021558,0.0,333.0,333,14.031203248641027,1,,2033.665589660743,1971.0,1007.0,3931.0,1258839.0,605.2546520383074,0.8046977973003943,2.9963995561003,-0.02362832856227867,-0.25021972348650084,15.63195945590655,12.845831224091715,0.10315023950526488,1.2168896806451568,618.5,95.38478650910764,0.854262503255425,0.9641465315666405,3.835387601742372
ID3550,3550,0,628.0,515.8884451544196,880.7287007454738,0.0,334.0,334,14.1160188704554,1,,2103.0701754385964,2046.0,972.0,4016.0,1318625.0,626.492942664254,0.8113706332647836,3.0073192856086575,-0.024568716191505094,-0.09491650756534105,15.54741304308375,13.058416539921677,3.137942176143722,1.1906047716852048,626.0,95.71556973419683,0.8586556257862616,0.9608595548733692,3.8255635617204704
ID3566,3566,0,619.0,517.1607479149852,879.3765133171913,0.0,335.0,335,14.042541596550759,1,,2062.1663974151857,1990.0,989.0,4063.0,1276481.0,634.8067563425625,0.8061575756119499,2.899856208304996,0.032116937062217334,-0.17830519255647231,15.452863356885588,13.517759294124106,0.24997737275649434,1.143152723809976,619.5,95.04678283574755,0.8617401580488019,0.9786729857819905,3.8187107694825055
ID3561,3561,0,616.0,515.1461372231227,879.2263641274986,0.0,336.0,336,14.01417852659937,1,,2021.314935064935,1938.0,947.0,3799.0,1245130.0,611.9346648033297,0.8008398006122276,2.9378491560017217,0.03800514992816801,-0.176925916826772,15.826400914292053,12.674442482592939,0.2627420189684719,1.2486861600443577,617.0,95.11718039541654,0.8569926406148851,0.9678431372549018,3.829273495672301
ID3571,3571,0,608.0,516.4197480142427,878.8363462065187,0.0,337.0,337,13.917311728305744,1,,1976.0858085808582,1895.0,919.0,3768.0,1197508.0,606.9553655461106,0.7955701836140828,2.885062016714636,-0.07513657316908456,-0.17098464091236473,15.73695056892277,12.68193019696636,0.4112170181988275,1.2408955359718983,608.5,93.96068486969745,0.8661200639712561,0.966640190627482,3.809043061001412
ID3582,3582,0,603.0,519.6606160616061,880.4097909790979,0.0,338.0,338,13.888692920047486,1,,2094.315181518152,2001.0,1049.0,3777.0,1269155.0,639.894599792435,0.803449226981891,2.9162053926105256,0.09639512106456623,-0.05865181856025489,15.491276153895146,12.644588914205114,0.3534629266127376,1.2251308649893728,606.0,96.38094374816065,0.819785323843541,0.9565903709550119,3.9152082077302177
ID3588,3588,0,588.0,519.7335600907029,879.4362244897959,0.0,339.0,339,13.680870333281758,1,,2031.1530612244899,1919.0,1045.0,3779.0,1194318.0,628.9821287365801,0.7920040830721425,2.8544521487668932,0.04623703411453316,-0.21226011953496163,15.571480815820577,12.66691403768569,0.4642783505292689,1.2293034254036483,588.0,93.32554226780358,0.8483716473954506,0.9483870967741935,3.8486804964703
ID3576,3576,0,619.0,517.0253096392031,880.0051157781368,0.0,340.0,340,14.036873567421145,1,,2019.9757281553398,1943.0,936.0,3689.0,1248345.0,612.7883406718894,0.8042831209325719,2.938799256849521,0.029999955821998305,-0.28301113346276036,15.797872693876204,12.850765344059766,0.4671054186209549,1.2293332164203536,619.0,95.95846074581095,0.8447612171031417,0.9596899224806201,3.856896177487561
ID3593,3593,0,610.0,518.096462585034,879.5038095238095,0.0,341.0,341,13.962979814050145,1,,2079.903594771242,1969.0,896.0,3850.0,1272901.0,654.1837648699808,0.8051635651130005,2.8362270468209205,0.126569835507791,-0.007233414565236145,15.647496844268494,12.831734625297235,0.5215043891539578,1.2194373793719284,612.5000000000001,93.29872984305295,0.8842284706636961,0.9714512291831879,3.769837974177969
ID3599,3599,0,580.0,519.7509298998569,880.8659513590844,0.0,342.0,342,13.616736345470528,1,,2057.6374570446737,1922.0,947.0,3909.0,1197545.0,656.7252514895043,0.7922774724115672,2.770047387560584,0.05802931471473438,-0.01981254082348151,15.386222518062649,12.401567606419647,0.5456639222854414,1.2406675515842047,582.5,94.33553055759774,0.8225365420883074,0.961221122112211,3.9086549338051806
ID3605,3605,0,587.0,518.6342986939238,880.0423055082339,0.0,343.0,343,13.669231989760256,1,,2058.5604770017035,1934.0,963.0,3908.0,1208375.0,654.7046524322976,0.7941726552196277,2.7835491553243763,0.08855593124414668,-0.06630306447289609,15.492709687602689,12.287888315158998,0.49519737691209875,1.2608114014586258,587.0,96.18996369834147,0.79723883088569,0.9544715447154472,3.9701846893150066
ID3611,3611,0,586.0,518.3577131451383,879.4509552323923,0.0,344.0,344,13.640092685697768,1,,2050.1638225255974,1916.0,1009.0,3968.0,1201396.0,643.6937986726582,0.7922684034857534,2.8158435646752156,-0.07278738624765985,-0.20120587676111387,15.366289648245822,12.440048868321574,0.4923367788604023,1.2352274344657828,584.5000000000002,92.5660197059252,0.857217838765876,0.9645214521452149,3.82877047186925
ID3616,3616,0,541.0,517.8612903225807,879.578648233487,0.0,345.0,345,13.14089469003943,1,,1930.2962962962963,1790.0,913.0,3737.0,1042360.0,586.8236636598383,0.7608843336428661,2.8427205380706417,0.12391495731997257,-0.024914309893320597,15.163326011694181,11.633187942094448,0.4739620186859872,1.3034540563748653,542.5,91.63028243379951,0.8119542439538571,0.9467713787085514,3.934043465539219
ID3626,3626,0,586.0,515.645993726832,879.7814371257485,0.0,346.0,346,13.640092685697764,1,,1947.2289156626507,1850.0,936.0,3758.0,1131340.0,585.6749371366587,0.783515230322613,2.921197946423493,0.0832439382002174,-0.06534768923874662,15.512583354748989,12.358794038490705,0.5712401986963811,1.255185846324164,584.5,93.68939988928987,0.8367841881676314,0.9566284779050737,3.8752363876384948
ID3621,3621,0,566.0,514.6315172817808,879.8101933216169,0.0,347.0,347,13.458020851469092,1,,1918.8137082601054,1841.0,977.0,3484.0,1091805.0,550.5698588368602,0.7733391171073056,3.03968485925371,0.26402550385832424,-0.0776117859302926,15.703243211156732,11.843438111091183,0.339398608272528,1.3259024164993867,569.0,94.98878856136938,0.7924601504095609,0.9459684123025769,3.9821371694705565
ID3636,3636,0,597.0,515.4444444444445,878.9156895589056,0.0,348.0,348,13.785173268832098,1,,1976.211055276382,1871.0,953.0,3665.0,1179798.0,590.4274606193507,0.7929913741916719,2.9606497660083346,0.1162488230912711,-0.5560703225935502,15.511260755607635,13.163432597369585,0.5383780069652273,1.1783598723867215,597.0,94.3250451951199,0.8431991328293975,0.9629032258064516,3.8604671068647827
ID3631,3631,0,582.0,513.1201550387597,879.4354005167959,0.0,349.0,349,13.593339873985732,1,,1906.295025728988,1829.0,958.0,3553.0,1111370.0,557.0410802121714,0.7783421125150102,2.9956295202758128,0.18820299973893775,-0.13664217568524176,15.779606899660237,11.91697576612236,0.30566594171642314,1.3241284709597703,580.4999999999999,93.35893933488114,0.8369514577668542,0.9516393442622949,3.874849124063189
ID3643,3643,0,613.0,512.7278002699055,880.8562753036438,0.0,350.0,350,14.019855731015593,1,,2038.1837398373984,1949.0,987.0,3719.0,1253483.0,611.7769710244845,0.8058802663280503,2.9734577523738746,0.12154513640793423,-0.09068499439877753,15.948623066871491,12.633203389485494,0.40120657791710346,1.2624369746271473,617.5,94.20684610280775,0.8743431196878906,0.9648437499999998,3.7910890304318747
ID3648,3648,0,624.0,511.5845449649973,879.8346795907377,0.0,351.0,351,14.036873567421145,1,,2022.5684380032205,1952.0,962.0,3795.0,1256015.0,618.7175189798301,0.8042202518662934,2.9142463433790264,-0.04067588252568015,-0.10279984749873869,15.887342845418594,12.928042959966199,0.2750810881683403,1.2289054804827269,619.0,95.3281627164843,0.8559690609629524,0.9687010954616588,3.831562360739213
ID3653,3653,0,600.0,512.8419444444445,881.9247222222223,0.0,352.0,352,13.81976597885342,1,,1959.1068447412354,1871.0,885.0,3640.0,1173505.0,588.220170087886,0.792659909830315,2.945351916092344,0.1371751767919988,-0.17037960116934767,15.409926542936729,12.708440310400361,0.3305694141529844,1.2125741764176616,600.0,94.57612422219853,0.8429427690498719,0.9561752988047809,3.8610541032410497
ID3664,3664,0,595.0,513.3401788208997,880.919949706622,0.0,353.0,353,13.779399374015949,1,,1980.2278056951425,1874.0,952.0,3620.0,1182196.0,609.5918028798433,0.7934037255977935,2.8742345098297775,0.16962213861609632,0.02588986934637965,15.71990350100171,12.64254363187602,0.49015329090149595,1.2434130313275449,596.5,92.47403952707029,0.8765579915049428,0.9714983713355049,3.7862963713890068
ID3659,3659,0,572.0,514.9960767218831,879.5557977332171,0.0,354.0,354,13.511133176991631,1,,1961.4337979094078,1860.0,957.0,3738.0,1125863.0,611.482033635942,0.7797353002256009,2.810682116347815,0.2065667430450312,-0.11271026467090144,15.469604486100167,12.104082333368662,0.3712033917987021,1.2780485178503287,573.5,91.50626943604038,0.8606797515336576,0.9598326359832636,3.821062480017947
ID3670,3670,0,588.0,515.676754759875,879.0063938618925,0.0,355.0,355,13.663409100469519,1,,2033.222602739726,1914.0,1026.0,3929.0,1187402.0,633.6683002056324,0.7926372939496521,2.8374944316624684,0.08793398604632081,0.11144903700837644,15.770758842008757,12.248525424773534,0.4724909661845019,1.287563873616268,586.5,93.15835911937583,0.849247388077668,0.9670239076669415,3.846695612279287
ID3675,3675,0,569.0,514.6693121693122,879.1137566137567,0.0,356.0,356,13.434347973244154,1,,1938.9859154929577,1838.0,1065.0,3510.0,1101344.0,587.1981807745836,0.7765286143724913,2.886723617626709,0.12825895739031967,-0.019075427979183174,15.451846116483615,11.916657864260157,0.45455320261016485,1.2966593731641836,567.0,94.52056017855992,0.797517734440415,0.9442131557035803,3.9694904129362607
ID3682,3682,0,577.0,514.0355285961872,879.0049104563835,0.0,357.0,357,13.552298857686369,1,,1951.046712802768,1844.0,980.0,3650.0,1127705.0,602.1276051857977,0.7803899291549509,2.840571020823077,0.08782844811840324,0.08894270801866268,15.460130162194021,12.068894523241799,0.4824538033697443,1.2809897486817468,577.0000000000001,93.51565878733963,0.8291192564604607,0.9584717607973422,3.893107814435435
ID3681,3681,0,587.0,513.1151669496321,880.3412563667233,0.0,358.0,358,13.69249878445321,1,,1944.521222410866,1834.0,1003.0,3720.0,1145323.0,595.3476903650446,0.7879308444628544,2.878786086401868,-0.03199607026826833,0.010521489798105072,15.702670636520809,12.029343549150715,0.4037755423879099,1.3053638855986813,588.9999999999999,95.11718039541655,0.8181015645415998,0.9655737704918033,3.9192351403717773
ID3690,3690,0,589.0,513.0193666949392,880.855668645745,0.0,359.0,359,13.698309308281246,1,,2027.8336162988116,1931.0,968.0,3886.0,1194394.0,605.7256087418704,0.7905597975361727,2.9561895326746166,0.026164516777489166,-7.232616560744785E-4,15.566943663538476,12.282522366772643,0.377194022181492,1.2674060912480836,589.5,94.48788818680946,0.8297387797220324,0.960880195599022,3.891654151377298
ID3697,3697,0,593.0,511.08516638465875,882.2935702199661,0.0,360.0,360,13.715726110367628,1,,2023.087837837838,1967.0,1038.0,3793.0,1197668.0,597.0637706709148,0.7909193728129363,2.992817223275459,-0.017917805726705458,-0.018781160211448412,15.486136907299528,12.428930788185042,0.3821403297704604,1.2459749894190955,591.0,96.31390256622005,0.8006070017018185,0.9555375909458367,3.9618245611962273
